1639.57140259469, 1215.4825616745509, 1703.2060982321395, 1.0
2045.724875128591, 1621.1427912310696, 2109.226767591779, 1.5
2451.5526479402133, 2026.892787907756, 2515.679584500925, 2.0
2858.0492049327527, 2432.4373442902065, 2922.0397455382113, 2.5
3264.152395543721, 2838.3189502761256, 3327.823363756118, 3.0
3670.327360390856, 3244.275781427184, 3734.0092252415925, 3.5
4076.4892067109085, 3649.908759571896, 4140.277063055537, 4.0
4482.97161995992, 4056.378147732301, 4546.390389876084, 4.5
4888.515880592784, 4461.882202876459, 4952.024362403133, 5.0
5294.9568828641795, 4867.685063438488, 5357.890508004793, 5.5
5701.355079108719, 5273.499427243445, 5763.939490188806, 6.0
6107.291110066343, 5679.064421419572, 6170.024036414508, 6.5
6513.635177964005, 6084.720840337959, 6575.748335383194, 7.0
6919.54804817172, 6490.257765207018, 6981.74493888181, 7.5
7325.86603103615, 6896.415656145777, 7387.778422617464, 8.0
7732.221156776924, 7302.065344280748, 7793.845658094327, 8.5
8138.095331594672, 7708.1666488278615, 8199.45857379622, 9.0
8544.370844295745, 8113.763254661046, 8605.124937542014, 9.5
8950.67829404777, 8520.210948585269, 9011.058169044565, 10.0
9356.592374879518, 8925.95643046141, 9416.832872436531, 10.5
9762.709627650493, 9331.634890872132, 9822.452354940862, 11.0
10168.665362509173, 9737.299828678711, 10228.60107977208, 11.5
10574.986418183535, 10143.577340068086, 10634.581213162304, 12.0
10980.833989439756, 10549.51205061708, 11040.086221737214, 12.5
11387.046562640546, 10955.343707839716, 11445.905644974975, 13.0
11792.626487672966, 11361.291763765717, 11851.988493942275, 13.5
12198.517074614809, 11767.661309311115, 12258.161847159025, 14.0
12604.25848285662, 12173.686663159991, 12664.572380976671, 14.5
13010.278592550942, 12579.788768028731, 13070.135154600483, 15.0
13416.267978667463, 12985.750209291527, 13476.036284480551, 15.5
13822.18841402561, 13391.835144340861, 13882.074951528975, 16.0
14228.1783097844, 13797.500940781394, 14288.016298346429, 16.5
14634.64698798296, 14203.416114474612, 14693.551616176217, 17.0
15040.149818409642, 14609.451532925928, 15099.102189118039, 17.5
15445.742561814985, 15015.060289338555, 15505.056267448388, 18.0
15852.235249880749, 15421.04534468936, 15911.014907732197, 18.5
16258.171760695286, 15827.046456874203, 16316.961995201471, 19.0
16664.397975895852, 16233.44439840983, 16723.15986554881, 19.5
17070.32128649852, 16639.59392752807, 17129.569406146333, 20.0
17475.97491384006, 17045.33126998497, 17535.688518146446, 20.5
17882.16193378571, 17451.473870207683, 17941.777046709343, 21.0
18288.491356979554, 17857.45281316092, 18348.0846355706, 21.5
18694.95371282644, 18263.388169843838, 18754.443481149083, 22.0
19101.17195520564, 18669.7768513382, 19159.989717035278, 22.5
19507.585053850482, 19076.043689873746, 19566.45209596264, 23.0
19914.066373209553, 19481.829175604533, 19972.622097279287, 23.5
20319.70764674058, 19887.924308368223, 20379.04167695498, 24.0
20725.399620061613, 20293.77417705459, 20784.62142263203, 24.5
21131.09427637726, 20699.48187972101, 21190.217423561837, 25.0
21537.593974414976, 21105.869413676006, 21596.181183534463, 25.5
21943.83767686203, 21512.06465046937, 22002.203638144354, 26.0
22349.761163656916, 21918.228723793152, 22408.25915801732, 26.5
22755.527053484806, 22324.093049339743, 22814.386424780343, 27.0
23161.65418237651, 22729.802643100888, 23220.49619777105, 27.5
23568.029111136904, 23136.173980550528, 23626.64846107862, 28.0
23973.599283810163, 23542.097498640458, 24032.237483363544, 28.5
24379.154533608074, 23947.852196725948, 24438.194357126333, 29.0
24785.413933112988, 24353.98103826579, 24843.97684172827, 29.5
25191.609002174908, 24759.987545226624, 25249.98437134394, 30.0
25597.37262423834, 25165.929190913248, 25655.825897214123, 30.5
26003.59917063225, 25571.911787444056, 26061.772662792315, 31.0
26409.57617872605, 25977.891698816748, 26467.96230149295, 31.5
26815.796026415373, 26384.19279579048, 26873.867558374594, 32.0
27222.089566275983, 26790.657521736393, 27280.359907786256, 32.5
27628.310221877935, 27196.223010384776, 27686.70719431411, 33.0
28034.646678849596, 27601.739328203774, 28092.534860042822, 33.5
28440.468776069672, 28007.979770326267, 28498.64516633093, 34.0
28846.251098115878, 28413.666135887757, 28904.31369672289, 34.5
29251.846551345097, 28819.95670862653, 29310.749432470504, 35.0
29657.566427683414, 29226.201621318494, 29717.200576192903, 35.5
30063.258154908668, 29632.27351577035, 30123.139888873826, 36.0
30469.733015836166, 30038.643107681437, 30528.655936987772, 36.5
30875.434343110453, 30444.99109175615, 30934.730178061134, 37.0
31281.45716242783, 30851.30090533431, 31340.994219766348, 37.5
31687.91190877725, 31257.12760357696, 31746.541873796505, 38.0
32094.10419156256, 31662.67774162606, 32152.60705302056, 38.5
32500.463927915236, 32068.57476986606, 32558.70821186031, 39.0
32906.13535807663, 32474.23250557231, 32964.81426693218, 39.5
33312.499841241966, 32880.7323435383, 33370.345405663145, 40.0
33718.920823569555, 33286.74346179241, 33776.19476133163, 40.5
34124.81823823477, 33692.821351248866, 34182.04245821754, 41.0
34530.463747208996, 34099.186914652266, 34588.248947657376, 41.5
34936.57360214896, 34505.409473682936, 34994.73497356153, 42.0
35342.2486950499, 34911.73364245015, 35401.05727786864, 42.5
35748.09204287468, 35317.792419041216, 35807.015672972666, 43.0
36153.78637913328, 35723.725316613745, 36212.668231843585, 43.5
36560.21858225372, 36129.41277999146, 36618.8021132947, 44.0
36966.28859475929, 36535.88743764554, 37025.09571139451, 44.5
37372.148785624384, 36941.76355388378, 37430.6456095168, 45.0
37777.70062335304, 37347.57452732654, 37837.09544025916, 45.5
38183.250165396996, 37753.25127056645, 38243.23162637136, 46.0
38589.110627211965, 38158.936847596204, 38649.679011219436, 46.5
38994.65339655757, 38565.03490722633, 39055.60778014539, 47.0
39400.49873444587, 38970.729838208106, 39461.27058953349, 47.5
39806.404361814326, 39376.98218403058, 39867.23881622662, 48.0
40212.68167794747, 39783.3608463712, 40272.91192246362, 48.5
40619.06132969642, 40189.4422499672, 40678.832560199, 49.0
41025.07468545552, 40595.83221676575, 41084.72452552842, 49.5
41430.66897853874, 41002.291955473396, 41490.342904147044, 50.0
41836.27580585311, 41408.51364897158, 41896.15374241964, 50.5
42242.06577175488, 41814.66319224093, 42302.54519883067, 51.0
42647.91135403023, 42221.0704076985, 42708.6649411681, 51.5
43054.019182813056, 42627.10293457372, 43114.17716151849, 52.0
43459.677236412084, 43033.28000180426, 43520.37057050861, 52.5
43865.274131373015, 43439.416992833954, 43926.34487646691, 53.0
44271.351093582554, 43845.316123532866, 44332.062722780676, 53.5
44677.20656053003, 44251.78493692153, 44737.751224411564, 54.0
45083.568857033504, 44657.8161820267, 45143.326090791365, 54.5
45489.88007827569, 45063.333469241195, 45549.66330005653, 55.0
45895.71857598021, 45469.75208827174, 45955.89029429568, 55.5
46301.57700132417, 45875.877419252436, 46362.37701931152, 56.0
46707.248095659925, 46281.58298818538, 46768.16622088375, 56.5
47113.56875807794, 46687.32991838901, 47173.91260509007, 57.0
47519.68346132001, 47093.41449396457, 47579.83134419936, 57.5
47925.73457588485, 47498.945589768286, 47985.33680594524, 58.0
48331.262245469894, 47904.50059086833, 48391.60752958443, 58.5
48737.74139394108, 48310.125229348974, 48797.49280085103, 59.0
49143.25602228185, 48716.05920908925, 49203.654470471774, 59.5
49549.38015669144, 49122.460764851305, 49609.70616196047, 60.0
49954.93292687917, 49528.33709176676, 50015.66526656143, 60.5
50360.76874171419, 49933.87161585287, 50421.79273508377, 61.0
50766.75756825693, 50340.0809571905, 50827.657319393125, 61.5
51172.328124496256, 50745.84627075066, 51233.33339354103, 62.0
51578.28886621, 51151.49987587858, 51638.911969814566, 62.5
51984.31376524054, 51557.14066343361, 52044.51649682263, 63.0
52389.93414998054, 51963.3460583768, 52450.82315220973, 63.5
52796.243910849116, 52369.42185117565, 52856.958359325836, 64.0
53202.49759954602, 52775.34950396587, 53262.96811851462, 64.5
53608.710645091385, 53181.483390132205, 53669.07693688219, 65.0
54014.85695469224, 53587.518966140575, 54074.79085543509, 65.5
54420.66275402644, 53993.710265354355, 54480.70976428557, 66.0
54827.02118218451, 54399.58438730728, 54886.87911805164, 66.5
55232.63674925384, 54805.38392564743, 55293.230206094675, 67.0
55638.312292300616, 55211.50983897045, 55698.757984760414, 67.5
56044.421578759066, 55617.46126150277, 56105.15738378541, 68.0
56450.747034684064, 56023.734464817455, 56510.99607693857, 68.5
56856.916078697905, 56429.38923336668, 56916.98585059642, 69.0
57262.805449475854, 56835.358892976044, 57322.75994266704, 69.5
57668.51716912659, 57241.378743977795, 57728.913563178045, 70.0
58074.579936645416, 57647.83177476412, 58134.97001244516, 70.5
58480.22918427603, 58053.97338995338, 58540.78658932641, 71.0
58886.66772285208, 58459.603290185754, 58946.74424617226, 71.5
59292.84145919587, 58866.072788272686, 59352.76614707233, 72.0
59698.72158548299, 59272.349080335385, 59759.05310728731, 72.5
60105.13525844949, 59678.57051663504, 60164.68070965615, 73.0
60511.626702858455, 60085.00119867852, 60570.615976644294, 73.5
60917.78600039535, 60491.3354911616, 60977.03286054254, 74.0
61324.009033823066, 60896.92608462703, 61382.600689055915, 74.5
61729.87531448912, 61302.88207955661, 61788.41201942039, 75.0
62136.12480233716, 61709.14577277477, 62194.311715513766, 75.5
62542.322841932495, 62114.83830216761, 62600.76310788681, 76.0
62948.06432044061, 62520.49452781791, 63006.645260587364, 76.5
63354.427369370445, 62926.59276378633, 63412.83136931683, 77.0
63760.74564926014, 63332.47867086105, 63819.2908894496, 77.5
64167.23297522701, 63738.513842934066, 64225.54025598749, 78.0
64573.586737865626, 64144.60548266543, 64631.1704503391, 78.5
64979.74354289958, 64550.561185142295, 65037.52469839304, 79.0
65385.4527997344, 64956.072961891, 65443.20353804427, 79.5
65791.12360439418, 65361.95727109814, 65848.91133488053, 80.0
66196.95756655377, 65768.04634002694, 66254.56628497072, 80.5
66602.94215149188, 66173.90190694833, 66660.07119478655, 81.0
67009.11634686563, 66579.90341781356, 67066.34741550084, 81.5
67415.49320000822, 66985.45145604594, 67472.5615219137, 82.0
67821.45248860659, 67391.82569869311, 67878.17702953792, 82.5
68227.7912665616, 67797.75530345434, 68283.76972745724, 83.0
68633.75341822433, 68204.13242876071, 68689.34316296362, 83.5
69039.63214780267, 68609.71253319338, 69094.850220448, 84.0
69445.95884079902, 69015.76327611953, 69500.9209103086, 84.5
69852.35812399852, 69421.34826152043, 69907.36525018832, 85.0
70258.61121468864, 69827.69915496184, 70313.68046394474, 85.5
70664.5050166974, 70233.22234623836, 70720.17799846908, 86.0
71070.63792231154, 70639.43402371879, 71126.3736374045, 86.5
71476.4366724555, 71045.59092873028, 71532.32439797143, 87.0
71882.16345712788, 71451.59046569586, 71938.29215085579, 87.5
72287.96538855361, 71857.83990449988, 72344.70104547251, 88.0
72694.06343973475, 72263.36310015031, 72750.74548992449, 88.5
73100.19430217719, 72669.67859348413, 73156.5489196263, 89.0
73505.92870247357, 73075.55233951866, 73562.2095320346, 89.5
73912.20805252956, 73481.0794460164, 73968.27432240863, 90.0
74318.54127007484, 73886.61184517204, 74373.93878943358, 90.5
74725.0332115251, 74292.41939571532, 74780.206670523, 91.0
75130.56162549264, 74698.38635651288, 75185.74959338862, 91.5
75536.30708437893, 75103.9036408551, 75591.92896329638, 92.0
75942.26115818632, 75509.75564369203, 75997.84943621357, 92.5
76348.44137833097, 75915.51452240004, 76403.50403115095, 93.0
76753.98325300151, 76321.66833685506, 76809.66852297499, 93.5
77159.7224932315, 76727.68357676966, 77216.1379008945, 94.0
77565.69586984668, 77133.94970601972, 77621.98842661879, 94.5
77971.74794424497, 77540.22844786271, 78028.18635392484, 95.0
78377.84531342276, 77946.02311505772, 78433.74280838299, 95.5
78783.82754885194, 78352.24585901383, 78839.60251493, 96.0
79190.05407362546, 78758.2168279782, 79245.17237240932, 96.5
79596.13500257094, 79164.26599713683, 79650.99410232482, 97.0
80001.83410568052, 79570.75155494429, 80057.07973683527, 97.5
80408.05854626834, 79976.29375056068, 80463.31303667306, 98.0
80813.72004476127, 80382.27685991835, 80869.20675145953, 98.5
81219.60895898315, 80788.5675745545, 81274.9093765323, 99.0
81626.05400812431, 81194.9175254796, 81680.90078884274, 99.5
