1877.1812648633331, 1445.44882552575, 1701.1979396041625, 1.0
2327.6752995424404, 1895.928598065898, 2151.656270718863, 1.5
2777.9398298449955, 2346.182399001191, 2602.3481508192176, 2.0
3228.2642679886817, 2796.8572195715587, 3053.135325023018, 2.5
3679.130213536256, 3247.801247984937, 3503.3698828913275, 3.0
4129.367610269721, 3698.5360736807315, 3953.945426067768, 3.5
4579.569479770973, 4149.2136786979445, 4404.818676297098, 4.0
5030.405266191778, 4599.429774880979, 4855.1176257418765, 4.5
5480.411929121899, 5050.405454534902, 5305.338066276914, 5.0
5931.139033386441, 5500.943351826279, 5755.931528837786, 5.5
6381.665769163641, 5951.768880762885, 6206.531458987913, 6.0
6831.968958020719, 6401.883710968335, 6657.00886390694, 6.5
7282.891911406584, 6852.028913266024, 7107.692797863817, 7.0
7733.523023362177, 7302.189174607877, 7557.899635627061, 7.5
8184.209269517429, 7752.6261620312625, 8008.306644927005, 8.0
8634.689610345235, 8202.72738395712, 8459.01124483799, 8.5
9085.277989879267, 8653.26159613544, 8909.350879880767, 9.0
9536.089575937653, 9104.085561667454, 9359.895742773017, 9.5
9986.178260790757, 9554.23347351765, 9810.047931517334, 10.0
10436.257103156868, 10004.88178232446, 10260.591414605891, 10.5
10886.460969369924, 10455.792139321293, 10711.221200876698, 11.0
11337.253133498785, 10906.61018247527, 11161.90272937611, 11.5
11787.779910386309, 11357.594916175942, 11612.035627891371, 12.0
12238.469184398215, 11808.479155842755, 12062.514017492782, 12.5
12689.28637857248, 12258.660513639135, 12512.930255429168, 13.0
13139.557261571688, 12709.057465900762, 12963.632130567157, 13.5
13589.700791525762, 13159.395932721853, 13414.47819632392, 14.0
14040.00220413731, 13609.521989209963, 13865.47255528594, 14.5
14490.5433699948, 14059.540116017315, 14316.043850997514, 15.0
14940.689401953921, 14509.702911133438, 14766.78261578876, 15.5
15391.341587959416, 14960.129299948525, 15217.29703435764, 16.0
15841.900248457881, 15410.588225363717, 15667.398241494813, 16.5
16292.668916584993, 15861.358568818327, 16117.820239196508, 17.0
16743.072831762875, 16311.969018509133, 16568.292223701184, 17.5
17193.488154959497, 16762.845162999074, 17019.197114125138, 18.0
17643.63902214021, 17213.01731472745, 17469.981644095544, 18.5
18094.596678578626, 17663.74757966405, 17920.27854393202, 19.0
18544.655216604093, 18114.57492922322, 18371.208672218443, 19.5
18995.413831163118, 18565.31089130998, 18822.18140751805, 20.0
19445.937518929244, 19016.240991111783, 19272.443664661503, 20.5
19896.013918525005, 19467.080443978786, 19723.142311400596, 21.0
20346.810377806676, 19917.21077553921, 20173.442377976797, 21.5
20797.39763316816, 20367.275377544374, 20623.770877033858, 22.0
21248.000599821466, 20818.212216702817, 21074.49021412598, 22.5
21698.397183681827, 21268.620130922827, 21525.003080938994, 23.0
22149.138633459028, 21719.615686783443, 21975.014113067875, 23.5
22600.064159582034, 22170.418281584825, 22425.059815313445, 24.0
23050.320495640728, 22620.691787362615, 22875.275376072186, 24.5
23500.482803293366, 23070.828145986525, 23325.951283845323, 25.0
23950.920632639496, 23520.93523070604, 23776.79467964716, 25.5
24401.75578367621, 23971.195381785175, 24227.624418536478, 26.0
24852.531507271127, 24421.72561953121, 24677.71233228226, 26.5
25303.240493002697, 24872.600233140136, 25128.59923625204, 27.0
25754.190467273722, 25322.762581371506, 25579.575180515698, 27.5
26204.28398960797, 25773.126304186586, 26030.11414997974, 28.0
26654.92289901114, 26223.655959924545, 26481.021220322244, 28.5
27105.6973814132, 26674.515000068655, 26931.69793359747, 29.0
27556.15285598924, 27124.53562007579, 27382.34490349643, 29.5
28007.08837227837, 27574.72601650879, 27833.341248615634, 30.0
28457.10593155402, 28025.123122110675, 28284.092131355694, 30.5
28907.81937461771, 28475.70046202074, 28734.372598047943, 31.0
29358.065801807556, 28925.840456885748, 29185.017644157753, 31.5
29808.08411864231, 29375.96968776671, 29635.734640579492, 32.0
30258.53049329913, 29825.986843045383, 30086.159024485576, 32.5
30709.45530030931, 30276.49860090472, 30536.42753870461, 33.0
31159.592133812344, 30726.99800874459, 30986.669931368375, 33.5
31609.86704153895, 31177.0590430852, 31437.276166289186, 34.0
32060.66055888526, 31627.56554621313, 31887.888189154408, 34.5
32510.952898558902, 32078.557871084624, 32338.175041579063, 35.0
32961.870691427655, 32528.57204933975, 32788.83583163234, 35.5
33412.741021921705, 32979.14122295061, 33239.05183347841, 36.0
33862.9086002238, 33430.129802106836, 33690.04515720565, 36.5
34313.1446479625, 33880.54175494563, 34140.873423584526, 37.0
34764.01193108457, 34330.571003447396, 34591.418351409746, 37.5
35214.26106775942, 34780.65466815326, 35042.11104304011, 38.0
35664.74776457997, 35230.86320346082, 35492.8708700314, 38.5
36115.07040325285, 35681.1265435498, 35943.16963874646, 39.0
36565.26660022899, 36131.9692619918, 36393.499153568344, 39.5
37016.19902356504, 36582.65636515564, 36844.038002447254, 40.0
37467.09414182382, 37033.029318631765, 37294.07338965528, 40.5
37917.75036996194, 37483.09257405074, 37745.00102723169, 41.0
38368.72386125174, 37933.48385338357, 38195.09088460502, 41.5
38819.681368355195, 38383.74231952561, 38646.0576152385, 42.0
39270.15845258261, 38834.62773191369, 39096.93191237576, 42.5
39720.310567878, 39284.96198085892, 39547.36295501232, 43.0
40170.51015476891, 39735.891256060844, 39997.57263208132, 43.5
40620.74636999486, 40186.073781841755, 40447.7239570862, 44.0
41071.559399206846, 40636.276410745, 40898.31327748533, 44.5
41521.68497344217, 41087.0876700963, 41349.09779101341, 45.0
41972.62764384075, 41537.14275325373, 41799.76750759356, 45.5
42423.354627180546, 41987.481604611006, 42250.456664614256, 46.0
42873.67676938502, 42438.06614040587, 42701.30882577973, 46.5
43324.502642011794, 42888.39825542171, 43151.567781402075, 47.0
43775.455170997804, 43338.63192944119, 43602.03975205239, 47.5
44225.87304884638, 43788.99680521832, 44052.57422850236, 48.0
44675.989646076174, 44239.46199485521, 44503.246802999536, 48.5
45126.838039294445, 44689.95235285294, 44953.47739247478, 49.0
45577.120723410604, 45140.14330002407, 45403.624034044056, 49.5
46027.42777135057, 45590.52708852547, 45854.56919509867, 50.0
46478.18373465564, 46041.44868150491, 46305.06092713953, 50.5
46928.37669956929, 46492.01965193604, 46755.75757392966, 51.0
47379.370758041834, 46942.24996402087, 47206.52008685698, 51.5
47830.33140365579, 47392.643384091614, 47657.04085254598, 52.0
48280.438867834106, 47843.31452489916, 48107.09590136015, 52.5
48731.21968393758, 48294.070064729356, 48557.92697546206, 53.0
49182.06541259492, 48744.13925273868, 49008.803133793524, 53.5
49632.771807741716, 49195.086974420476, 49459.703460808145, 54.0
50083.25239543535, 49645.9442454477, 49909.903110835, 54.5
50534.22203361857, 50096.619225256836, 50360.71514358899, 55.0
50984.76809971195, 50547.192962512316, 50810.95745906549, 55.5
51435.569383136724, 50997.717720084416, 51261.18138970057, 56.0
51886.32349613105, 51448.299514238424, 51711.60999646659, 56.5
52337.1297261714, 51898.72196683989, 52162.28791971614, 57.0
52787.67215531221, 52349.08769083405, 52612.64213653548, 57.5
53238.26110220346, 52799.27144017662, 53062.814292228926, 58.0
53688.57643690366, 53249.984425236595, 53513.002022961366, 58.5
54139.34521482726, 53700.312057861716, 53963.947242325274, 59.0
54589.45369296712, 54151.16425003486, 54414.77130434726, 59.5
55040.28328601569, 54601.79429403382, 54865.06838988, 60.0
55491.24005394184, 55052.01677956778, 55315.771240977345, 60.5
55941.646749011255, 55502.08691198815, 55766.1857837888, 61.0
56391.96448947649, 55952.875368499816, 56216.39218430039, 61.5
56842.791775763755, 56402.90640550181, 56666.47875031487, 62.0
57293.41420527378, 56853.83593073976, 57117.093662285195, 62.5
57743.576386548106, 57304.74726971688, 57567.76638803726, 63.0
58193.582604255425, 57754.87960024614, 58018.15628545708, 63.5
58644.113128689016, 58205.4451814124, 58468.9933735466, 64.0
59094.72691230342, 58656.404068903095, 58919.39909209087, 64.5
59545.06560840427, 59107.064522830486, 59370.300690971955, 65.0
59995.496255099286, 59557.112099500424, 59820.68008834094, 65.5
60445.70059568755, 60008.00871796873, 60271.00817856093, 66.0
60896.15531592903, 60458.6265446873, 60721.06518640578, 66.5
61346.24542079239, 60909.144685462226, 61171.31700832722, 67.0
61796.30604828772, 61359.8891017284, 61622.052417395316, 67.5
62246.919911665595, 61810.01807658076, 62072.86705525253, 68.0
62697.914808164176, 62260.129604247406, 62523.547798423984, 68.5
63147.966200622766, 62710.240301906524, 62973.880988733006, 69.0
63598.93335256485, 63160.69690900217, 63424.42110523048, 69.5
64049.82027366023, 63611.09006459802, 63874.71038991235, 70.0
64499.901870854774, 64061.32332790083, 64325.323119479785, 70.5
64950.786045462984, 64512.31197721791, 64775.58540388497, 71.0
65401.45478871219, 64962.6316666128, 65226.14401781145, 71.5
65851.47099519655, 65413.56137494353, 65676.92431305381, 72.0
66302.22841574717, 65864.19882338188, 66127.30507397189, 72.5
66753.06994471478, 66314.70523832747, 66577.96834154053, 73.0
67203.34102858107, 66764.88959204176, 67028.68655929377, 73.5
67653.65676228053, 67214.93450592634, 67478.98686290352, 74.0
68104.07830510515, 67665.123285726, 67929.12629929703, 74.5
68554.79271053357, 68115.58636026575, 68379.6313304673, 75.0
69005.5085786862, 68565.63369622683, 68830.14770107181, 75.5
69456.49477445435, 69015.91052339057, 69280.84861042189, 76.0
69906.6727803405, 69466.28909260577, 69731.29757330052, 76.5
70356.89008407373, 69916.52775222344, 70181.62925589764, 77.0
70807.36328165104, 70366.91820226406, 70632.1239050385, 77.5
71257.61212347637, 70817.46189982531, 71082.8912254639, 78.0
71708.08241597025, 71267.82181199844, 71533.71274092385, 78.5
72158.70858314248, 71718.31857450111, 71984.02234816461, 79.0
72609.6649606803, 72168.43479140496, 72434.94550612463, 79.5
73059.97091398705, 72619.35179110269, 72884.99059638858, 80.0
73510.66474430646, 73069.82987253949, 73335.60483745538, 80.5
73960.75182856017, 73520.20580487915, 73785.96852429294, 81.0
74411.31059257784, 73970.92440131493, 74236.91882527524, 81.5
74861.60255311413, 74420.97033651607, 74687.10175702137, 82.0
75312.51824605625, 74871.51957364139, 75137.76884546387, 82.5
75763.51505608027, 75322.31427619811, 75588.35848341833, 83.0
76214.29224368771, 75772.48169644292, 76039.17896922807, 83.5
76664.466094994, 76223.36322285382, 76490.02997176058, 84.0
77115.03589092908, 76673.64200214736, 76940.15559718404, 84.5
77565.52357385252, 77123.85314058693, 77390.52303491296, 85.0
78015.67390875355, 77573.93665536864, 77841.31447189019, 85.5
78466.4577283055, 78024.53039005162, 78291.93765300508, 86.0
78917.27463923738, 78475.12535006601, 78742.57149707945, 86.5
79367.33050175503, 78925.20322363319, 79193.26357501028, 87.0
79817.8727509691, 79375.48712537608, 79644.07284500309, 87.5
80268.33460014757, 79826.06809097297, 80095.03084554702, 88.0
80718.78038559682, 80276.95905754993, 80545.52670803503, 88.5
81169.44547521518, 80727.70334242447, 80996.03696866431, 89.0
81619.97881687658, 81178.56672562951, 81446.80034892031, 89.5
82070.590648923, 81629.27819073769, 81897.0592992484, 90.0
82521.14698269618, 82080.11538123517, 82347.7804240106, 90.5
82972.07656033842, 82530.1692464442, 82797.94740446944, 91.0
83422.30042923536, 82981.11993988085, 83248.84593522664, 91.5
83872.57131515114, 83431.18817082292, 83699.17904210386, 92.0
84323.40100217774, 83882.0243285981, 84149.80197998781, 92.5
84774.3393866082, 84332.79296279424, 84599.81414047476, 93.0
85224.51338265416, 84783.62144139991, 85050.57889660519, 93.5
85675.38210462658, 85234.21312202352, 85501.49378465908, 94.0
86125.38239605505, 85684.59326312845, 85951.53215049133, 94.5
86576.36507429859, 86135.46098450247, 86402.18560646838, 95.0
87026.91305266145, 86585.98455778042, 86852.76993076781, 95.5
87477.19662510006, 87036.09571338886, 87303.61829447672, 96.0
87928.02533704421, 87486.36214809478, 87754.0475872218, 96.5
88378.43859928686, 87937.12210279507, 88204.38697945261, 97.0
88829.11383498326, 88387.24290638253, 88655.30820736635, 97.5
89279.77835119239, 88837.62091982986, 89105.81755814735, 98.0
89730.46534096035, 89288.17863144365, 89555.94830815773, 98.5
90180.6216681418, 89738.2824249435, 90006.58055608996, 99.0
90631.62100012077, 90188.39913025692, 90457.4405666394, 99.5
