1902.9056396761746, 1354.7866792661437, 1850.259827447489, 1.0
2286.2777700502443, 1737.8596199353929, 2232.9292055346145, 1.5
2669.189293112285, 2121.35345794817, 2615.5324533345256, 2.0
3052.0084322611347, 2504.803497056124, 2998.481854090378, 2.5
3434.717084833467, 2887.6204010393694, 3381.890489935274, 3.0
3817.5526536439356, 3270.5477728325554, 3765.0181737723738, 3.5
4200.8582387142, 3653.539886418362, 4147.599639755812, 4.0
4583.931448657395, 4036.0749835718607, 4530.194164728577, 4.5
4966.621786198002, 4419.2684217946, 4912.977637149635, 5.0
5349.812036008048, 4801.931771241432, 5295.595334037676, 5.5
5732.335380735412, 5185.137554953059, 5678.954446679199, 6.0
6115.055046348989, 5567.875124322853, 6061.467426766293, 6.5
6498.199904795838, 5950.675870400743, 6444.1042990704855, 7.0
6881.346778354417, 6333.775603952494, 6827.051687621918, 7.5
7263.999791642815, 6716.914274615089, 7210.10737693319, 8.0
7646.93269266135, 7099.578946203076, 7593.536211153262, 8.5
8030.295863218977, 7482.768749081614, 7977.032213490448, 9.0
8413.376224707652, 7865.613526525798, 8359.648561957521, 9.5
8796.483910408097, 8248.633014787389, 8742.584999058978, 10.0
9179.976545257141, 8631.972497333845, 9125.19983050497, 10.5
9563.360758922965, 9014.474497135318, 9508.351296731535, 11.0
9946.17608564845, 9397.704282088927, 9891.803832841053, 11.5
10329.20643418599, 9780.96720040271, 10274.358192313119, 12.0
10712.373779025593, 10163.584746252824, 10657.313415974462, 12.5
11095.207305972292, 10546.157848552497, 11040.560654700696, 13.0
11477.800568542887, 10928.915160050443, 11423.146572888465, 13.5
11860.96284734991, 11311.71616900258, 11805.690893939613, 14.0
12243.48999182813, 11694.435804977295, 12188.69753414813, 14.5
12626.002145223816, 12076.959590076127, 12571.864106322148, 15.0
13009.029443673513, 12459.594720860727, 12954.676199683428, 15.5
13391.655478808148, 12842.369761629627, 13337.564239086827, 16.0
13774.373480756742, 13225.067296800682, 13720.290633435397, 16.5
14157.17489932289, 13608.122318879357, 14103.676811825628, 17.0
14540.32286859922, 13991.070837576435, 14486.180053276554, 17.5
14923.01143095377, 14374.20504378436, 14869.085121487382, 18.0
15306.358516758224, 14757.613872645095, 15251.881603850778, 18.5
15689.22300832988, 15140.412093429639, 15635.058061291076, 19.0
16071.821685890603, 15523.188317976234, 16018.436578660909, 19.5
16454.69492110686, 15906.658250042752, 16401.332481160316, 20.0
16838.03184294703, 16289.620769590172, 16783.93185438221, 20.5
17221.109492447024, 16672.332074351376, 17167.34975636018, 21.0
17604.310396702618, 17055.361341402222, 17550.772339468956, 21.5
17987.35746922215, 17438.828041414763, 17933.987169748423, 22.0
18370.036429689113, 17821.622053451752, 18317.333148567006, 22.5
18752.636316069267, 18205.103598870137, 18699.874385580133, 23.0
19135.88602710004, 18588.221867851335, 19082.78047525622, 23.5
19518.987277421296, 18971.30412921138, 19465.640187833007, 24.0
19901.770235678814, 19353.854009967894, 19848.79523010237, 24.5
20285.150793622863, 19736.72996170431, 20232.153241568354, 25.0
20668.048108703282, 20119.48432714852, 20615.453918434072, 25.5
21051.47456094109, 20502.076031491644, 20998.825228120466, 26.0
21434.29370703951, 20885.35048207094, 21381.61816100673, 26.5
21817.783944177838, 21268.18713444953, 21764.324726458526, 27.0
22200.336328258934, 21650.82202564645, 22146.91597021545, 27.5
22583.656330914375, 22033.34220741231, 22529.53392031573, 28.0
22966.39589295302, 22415.9838903001, 22912.809519331448, 28.5
23348.902573278734, 22799.165243037372, 23295.65943004168, 29.0
23731.549229561122, 23181.89496280608, 23678.685857455566, 29.5
24114.296424096585, 23564.78612401676, 24061.573996455285, 30.0
24497.332484853334, 23947.988315883013, 24444.364611615347, 30.5
24880.441561693384, 24331.203228252805, 24827.16111331608, 31.0
25263.70571710191, 24713.786422073925, 25210.154470082398, 31.5
25646.55823314762, 25096.412066612218, 25593.313663715417, 32.0
26029.910072937637, 25479.396527756795, 25976.167190060707, 32.5
26413.314861106363, 25862.887213516988, 26359.295726843142, 33.0
26796.376112442264, 26246.026313232232, 26742.4988478699, 33.5
27179.558602036235, 26629.06521076086, 27125.751160300068, 34.0
27562.805115844516, 27012.210555055757, 27508.780231014105, 34.5
27945.67557930066, 27394.924480481066, 27891.78789101342, 35.0
28328.482627426318, 27777.895387056316, 28274.46721242123, 35.5
28711.888414932546, 28160.524222974884, 28657.846598190787, 36.0
29094.95520638999, 28543.934458820007, 29041.228304337532, 36.5
29477.62603820693, 28926.70907606167, 29424.724962445012, 37.0
29860.787568622032, 29309.294101648946, 29807.488907810406, 37.5
30243.38347502966, 29692.098326870215, 30190.064665600727, 38.0
30625.922926267456, 30074.64265538452, 30573.037200178213, 38.5
31009.135701757667, 30457.651101114876, 30956.207799028576, 39.0
31392.28957374023, 30840.28580227612, 31339.412684349765, 39.5
31775.291893639056, 31223.204685100125, 31722.874067745935, 40.0
32158.247486632277, 31606.390169814178, 32106.151480328263, 40.5
32541.231139401556, 31989.043446452702, 32488.84141619278, 41.0
32924.02075829689, 32371.733766456076, 32871.74240683887, 41.5
33306.58878950251, 32755.002864021564, 33255.01110117489, 42.0
33689.72518831366, 33137.61742375989, 33637.72851583505, 42.5
34073.12399198607, 33520.99174049103, 34020.95604753865, 43.0
34456.4931065712, 33903.698794066746, 34403.74496293435, 43.5
34839.428823035225, 34286.67213153894, 34786.60900428899, 44.0
35222.17363300361, 34669.98459998553, 35169.29277415999, 44.5
35605.24567777382, 35053.29885528489, 35551.94360876517, 45.0
35988.08091242928, 35436.17654998218, 35934.72874613921, 45.5
36371.4973763026, 35819.55505000217, 36317.357426014576, 46.0
36754.063728581925, 36202.64996042133, 36700.36161524151, 46.5
37136.600484740666, 36586.01466302068, 37083.737763885736, 47.0
37519.66305080428, 36968.60430181663, 37466.4297825556, 47.5
37903.00005714887, 37351.7892529018, 37849.37423655058, 48.0
38286.434977047946, 37734.33267981569, 38232.55805560745, 48.5
38669.76649251045, 38117.65831324324, 38615.15364394505, 49.0
39052.97068623364, 38500.72216687031, 38998.281856555666, 49.5
39435.62893670889, 38884.18526785706, 39381.75005046097, 50.0
39818.246222058064, 39267.23597945674, 39764.785889248174, 50.5
40201.1918446917, 39650.07185673953, 40147.523579201785, 51.0
40584.42222696405, 40033.08210584057, 40530.474896848056, 51.5
40967.42932525158, 40415.86789223111, 40913.87323434826, 52.0
41350.69718324541, 40798.63074327516, 41296.68051757817, 52.5
41733.73047676385, 41181.76446961802, 41680.081085645186, 53.0
42117.15887132495, 41564.32755487361, 42063.44674667294, 53.5
42499.67271989838, 41947.40542963648, 42446.71835320653, 54.0
42882.35090729965, 42330.13418326013, 42829.289769426105, 54.5
43265.292277700595, 42713.46820496286, 43211.7906473921, 55.0
43648.54782347483, 43096.35737340818, 43595.22670522009, 55.5
44031.608902103755, 43479.319571167136, 43978.01321568585, 56.0
44414.95713533311, 43862.28390647384, 44361.21063315263, 56.5
44798.11809769702, 44245.60276902027, 44744.006646108, 57.0
45180.72286054508, 44628.29171906082, 45127.12848588191, 57.5
45563.34194922272, 45010.82615354967, 45509.98048701389, 58.0
45946.504979632555, 45393.50661390008, 45892.773271272614, 58.5
46329.12906978294, 45776.986454284684, 46276.18291707906, 59.0
46712.615841541636, 46160.12205308285, 46659.0613517272, 59.5
47095.39217560095, 46542.96302048206, 47042.34189690674, 60.0
47478.43568781827, 46925.59438257245, 47425.72548571951, 60.5
47861.792449460474, 47308.10527883688, 47808.31819074212, 61.0
48244.797902030245, 47691.08028399549, 48191.644717072144, 61.5
48627.50824353258, 48074.56371263632, 48574.493425881505, 62.0
49010.15580666883, 48458.043304624334, 48957.75599049064, 62.5
49393.44878017305, 48840.71434987219, 49341.22039566151, 63.0
49776.25272545228, 49223.680720806464, 49724.59217190023, 63.5
50158.871743978314, 49606.20794951168, 50107.70948880308, 64.0
50541.8812560582, 49989.6560644757, 50491.18110113217, 64.5
50924.746208502904, 50372.90505670894, 50873.70440035879, 65.0
51307.963863692436, 50755.8508278667, 51256.52303579855, 65.5
51690.74919303211, 51138.820904009066, 51639.47681531553, 66.0
52073.55990116041, 51521.34609341613, 52022.01027696886, 66.5
52456.080132075884, 51904.694651903934, 52404.931389411475, 67.0
52839.039818434336, 52288.11157815589, 52787.51628686864, 67.5
53222.35717685097, 52671.50138731715, 53170.44591031499, 68.0
53605.56318667905, 53054.02597986492, 53553.33977123448, 68.5
53988.07912742913, 53437.26240641966, 53936.80999360911, 69.0
54371.50623663101, 53820.28844454174, 54320.12635451538, 69.5
54754.68252668085, 54202.79387799549, 54702.941195202584, 70.0
55137.28439341409, 54585.72424255288, 55085.77497622528, 70.5
55519.810511660806, 54968.23634472232, 55468.39218614342, 71.0
55902.87428478617, 55351.57423605258, 55851.530954526046, 71.5
56286.2521179188, 55734.30387765739, 56234.27999404449, 72.0
56669.12393551923, 56116.87377275135, 56617.302632736646, 72.5
57051.741188492815, 56499.43886716455, 57000.642639965976, 73.0
57434.49215259481, 56882.38877681313, 57383.60492860269, 73.5
57817.036196596964, 57264.928754593195, 57766.97031557158, 74.0
58200.44782720368, 57648.18534067289, 58149.93212786722, 74.5
58583.129576740524, 58030.84343212546, 58532.954502837114, 75.0
58965.84609346296, 58413.96474934665, 58916.44564543494, 75.5
59349.28755722076, 58796.7097690597, 59299.18413852944, 76.0
59731.828286774245, 59180.134122684176, 59682.65142457663, 76.5
60115.15995228077, 59563.36055618406, 60065.74718146097, 77.0
60498.57913378959, 59946.17471239924, 60448.73973610324, 77.5
60881.99797526558, 60329.281345504496, 60831.59962900604, 78.0
61264.695444417, 60712.06479239587, 61214.96110150204, 78.5
61647.792278402914, 61095.27742400015, 61598.305095952404, 79.0
62031.0238880006, 61478.30767966934, 61980.863888788364, 79.5
62414.309680104554, 61861.04203873445, 62363.543535492856, 80.0
62796.84364016217, 62244.045783500645, 62746.67342461418, 80.5
63179.45078807327, 62626.6521519267, 63129.631553125655, 81.0
63562.46716352014, 63009.379121913786, 63513.03765383136, 81.5
63945.402542950476, 63392.12860609731, 63896.33820288385, 82.0
64328.682289023454, 63774.93890367771, 64279.18683268253, 82.5
64711.60935316412, 64157.503891224726, 64662.58773516394, 83.0
65094.31342945341, 64540.22109984081, 65045.80957549712, 83.5
65477.281431890704, 64923.37384055272, 65428.45904667917, 84.0
65860.44175128262, 65306.834255680595, 65811.93018824152, 84.5
66242.96694132872, 65689.4783137552, 66194.64808095213, 85.0
66626.04900518054, 66072.48980515108, 66577.63101072365, 85.5
67008.80596444006, 66455.09893191645, 66960.59319583858, 86.0
67391.53129538978, 66838.26247381298, 67344.07308278032, 86.5
67774.16583603648, 67221.65739522807, 67727.50412534144, 87.0
68157.05384887427, 67604.18667430028, 68110.34719473241, 87.5
68539.81098106653, 67987.41004046066, 68493.82420870241, 88.0
68923.27258023257, 68370.12760530207, 68876.55193152511, 88.5
69306.1897978899, 68752.88079080492, 69259.70462760965, 89.0
69689.3062766217, 69135.3918547571, 69642.44152187217, 89.5
70072.24718617383, 69518.31292637088, 70025.68391471294, 90.0
70454.82776441882, 69900.90088411536, 70408.57987568818, 90.5
70837.50705090823, 70283.52603569052, 70792.05149650837, 91.0
71220.69462932672, 70666.07048122112, 71175.29968365714, 91.5
71603.3131681951, 71049.51131147436, 71558.01077875996, 92.0
71986.14333407483, 71432.05608892349, 71940.74007866227, 92.5
72368.78072065745, 71815.27424913437, 72324.18925011148, 93.0
72751.38992694247, 72198.02624664102, 72707.52248797465, 93.5
73134.45214768132, 72581.36409329307, 73090.34138670012, 94.0
73517.02286284369, 72964.30717459322, 73473.25774054087, 94.5
73899.64695041526, 73347.43912143869, 73856.49351277224, 95.0
74282.71447728349, 73730.62925671377, 74239.73058554925, 95.5
74666.08497569189, 74113.83601864202, 74622.54446061421, 96.0
75049.46463269135, 74497.21839058575, 75005.89447884743, 96.5
75432.88476197702, 74879.72357212844, 75389.26116174572, 97.0
75816.22766783401, 75262.56100457188, 75771.92915393425, 97.5
76199.51322446202, 75645.9246538036, 76154.84832839937, 98.0
76582.06346467492, 76028.57644429778, 76537.64974142487, 98.5
76965.22483320606, 76411.86009671727, 76920.2520647359, 99.0
77347.7990377793, 76794.99171405162, 77303.20545225417, 99.5
