1407.7472912662233, 1642.659487316051, 1258.600757126093, 1.0
1794.5236198668026, 2029.4238984635654, 1644.6424934064908, 1.5
2181.2070148101548, 2415.9266359273647, 2031.2779371120316, 2.0
2568.1607474589628, 2802.9133934572474, 2417.6870777787344, 2.5
2955.0048909107277, 3189.6996978915804, 2804.658832790531, 3.0
3341.0336825295717, 3576.6375924136382, 3190.881114486018, 3.5
3727.1630938932963, 3963.235050288079, 3577.7199735059326, 4.0
4114.1197677045875, 4349.599329031075, 3964.547662956794, 4.5
4500.15055836907, 4736.56783512691, 4350.841122810656, 5.0
4886.694066701566, 5122.692171768263, 4736.884950565246, 5.5
5272.701756523766, 5509.292329205418, 5123.4460738194975, 6.0
5659.517702151449, 5896.1434690165925, 5509.869526907841, 6.5
6046.365044439147, 6282.344200607401, 5896.750416442425, 7.0
6432.615587893417, 6669.28395283316, 6283.134724727445, 7.5
6819.043650850996, 7055.802272903039, 6669.193641557712, 8.0
7205.118541718809, 7442.347210540105, 7055.907733788354, 8.5
7591.1632904873695, 7828.753961637978, 7442.277701856925, 9.0
7977.944445023015, 8215.74439860107, 7828.368290067853, 9.5
8364.488132979994, 8601.84858379043, 8215.15203025339, 10.0
8751.430350027658, 8988.555058954853, 8601.733571754934, 10.5
9137.470874036173, 9374.651321936413, 8987.973246992122, 11.0
9523.552610101331, 9760.785107502197, 9374.932560558183, 11.5
9909.900533215336, 10147.691966451617, 9761.693395576975, 12.0
10296.675934069679, 10534.604825382457, 10148.391306149833, 12.5
10683.023580645258, 10921.074496174404, 10534.781377517387, 13.0
11069.055876326545, 11307.118583943136, 10921.348971166477, 13.5
11455.578617011826, 11694.091010402039, 11307.969579682103, 14.0
11842.397305171173, 12080.567517194295, 11694.551594765708, 14.5
12229.21285235143, 12466.601588242605, 12080.57074465631, 15.0
12615.64247401101, 12852.893790133941, 12466.998838545396, 15.5
13001.706485572075, 13239.062681294869, 12853.097287351404, 16.0
13388.315200106925, 13625.095720066616, 13239.117798642166, 16.5
13774.995902777728, 14011.51901216366, 13625.140561200073, 17.0
14161.936327155025, 14398.00960862063, 14012.077642695906, 17.5
14548.58487364679, 14784.556538790095, 14398.472844580332, 18.0
14934.68550250046, 15171.522346028367, 14784.91249206295, 18.5
15320.991631287221, 15557.667829833892, 15171.508276432807, 19.0
15707.974866708892, 15944.069667098069, 15558.31533881518, 19.5
16094.674713394432, 16330.58477813407, 15944.96869118802, 20.0
16481.407061018093, 16717.513114573267, 16331.012820127706, 20.5
16867.55089904668, 17103.755465951195, 16717.080103953285, 21.0
17253.83203198557, 17490.19085653142, 17103.29847727172, 21.5
17640.331468634053, 17876.197596203878, 17490.21241533939, 22.0
18027.046029381945, 18262.301210161815, 17876.425474304386, 22.5
18413.803640031558, 18648.443952628408, 18263.159672585065, 23.0
18799.841445707752, 19035.06594396455, 18649.840179170063, 23.5
19186.38284102302, 19421.86053731487, 19036.77978433551, 24.0
19573.36807284765, 19807.913686809312, 19423.26435318127, 24.5
19959.484118959062, 20194.657871606843, 19809.470239458395, 25.0
20345.65188675372, 20580.717167205617, 20195.48583339174, 25.5
20731.91331810068, 20966.912419070362, 20582.0095878576, 26.0
21118.73281505703, 21353.63344787136, 20968.33385568433, 26.5
21504.988830512466, 21740.41240514731, 21354.609137776, 27.0
21891.636957377585, 22127.382918452517, 21741.189488322758, 27.5
22278.109808332036, 22513.432048607916, 22127.4512549532, 28.0
22665.059003865164, 22899.48892057181, 22513.50533255611, 28.5
23051.661694307055, 23285.796563897333, 22900.1041075726, 29.0
23437.894076619286, 23672.016376317108, 23286.356026912974, 29.5
23824.608341968935, 24058.710371760142, 23672.384160294936, 30.0
24211.31748621343, 24445.472888833963, 24058.852132203214, 30.5
24597.41215490601, 24831.48621117065, 24445.83108574738, 31.0
24983.511689192852, 25217.487301055484, 24831.891421031432, 31.5
25370.420000848113, 25604.486257099474, 25218.652069115014, 32.0
25757.35903412396, 25991.29532054847, 25604.72425287404, 32.5
26143.737946883404, 26377.936421960603, 25991.412595088295, 33.0
26530.501964358802, 26764.62885841247, 26377.530903189025, 33.5
26916.89777398311, 27151.57513669965, 26764.175197487228, 34.0
27303.087857835326, 27537.99266148633, 27151.130488323306, 34.5
27689.34909244477, 27924.093257278226, 27537.94188250435, 35.0
28075.99918778142, 28310.462275764523, 27924.408906452347, 35.5
28462.265655189825, 28697.15313793669, 28310.70979118915, 36.0
28848.816968487426, 29084.0756539603, 28697.36711009836, 36.5
29235.16835808919, 29470.211923029223, 29083.864528017497, 37.0
29621.216960063655, 29856.984735921862, 29470.331779863, 37.5
30007.66393733988, 30243.28286831331, 29857.032976092734, 38.0
30394.10889830469, 30629.7249065922, 30243.2394684211, 38.5
30780.187815161906, 31015.801417033497, 30629.47232425196, 39.0
31166.927340642633, 31402.46399683672, 31015.667128762216, 39.5
31552.9595714304, 31788.73367753626, 31402.349814604175, 40.0
31939.205509609077, 32175.193448423386, 31788.468467366478, 40.5
32325.994604827203, 32561.769667612647, 32174.908905449956, 41.0
32712.983675163894, 32948.278168436, 32561.184415047443, 41.5
33099.667334248785, 33335.22917315498, 32947.80920774085, 42.0
33486.58977530763, 33721.78092319203, 33334.107250079105, 42.5
33873.23194479026, 34107.84786629697, 33721.09288392571, 43.0
34259.73519195385, 34493.88077099602, 34107.395568159394, 43.5
34646.35846271616, 34880.73613562377, 34494.31513286568, 44.0
35032.72377590818, 35267.629203620694, 34880.82345199294, 44.5
35419.29726775238, 35654.49956571356, 35267.5401951706, 45.0
35805.86298511921, 36040.51573260676, 35653.878403786264, 45.5
36192.60718190491, 36426.93095164332, 36039.90557484479, 46.0
36579.46532285788, 36813.293806356225, 36426.643642985575, 46.5
36965.81359471944, 37199.66066997383, 36813.234407233496, 47.0
37352.32652439039, 37586.58485295317, 37199.820754504326, 47.5
37738.68044001032, 37973.14060306301, 37586.57372505188, 48.0
38125.417338037456, 38359.15538871959, 37973.09417175251, 48.5
38512.31127905701, 38745.62603712375, 38359.253980334455, 49.0
38898.45407476566, 39132.16110295429, 38746.064798320454, 49.5
39285.21959972206, 39518.55405562934, 39132.11799826506, 50.0
39671.528499783424, 39905.145723820104, 39518.61115463543, 50.5
40057.9262775091, 40291.34982621749, 39905.06289757712, 51.0
40444.08649735549, 40677.9853871342, 40291.21170025083, 51.5
40830.23746956068, 41064.92059940038, 40677.235184368365, 52.0
41216.59183806509, 41451.416685816184, 41063.33927029926, 52.5
41602.953097461126, 41838.30274401101, 41450.10789904437, 53.0
41989.28662894993, 42224.692701435146, 41836.38345256357, 53.5
42376.12137637183, 42611.00821351425, 42223.13989150389, 54.0
42763.08477581561, 42997.29448181041, 42609.77109838002, 54.5
43149.897308804015, 43383.831327623164, 42996.69957726463, 55.0
43536.17760617964, 43770.302925216354, 43383.05539223336, 55.5
43922.46647171367, 44157.25689168187, 43769.11552016903, 56.0
44308.82415888447, 44544.24141051964, 44155.38099078407, 56.5
44695.494845182955, 44931.1146634677, 44541.616663634944, 57.0
45081.70773356144, 45317.79377856345, 44927.68219607403, 57.5
45468.31648196288, 45704.68292988446, 45314.58731707173, 58.0
45855.22294233147, 46091.164974561456, 45701.40220667453, 58.5
46242.1838740775, 46477.86650943241, 46087.6566043709, 59.0
46628.94482299802, 46864.38085928271, 46474.08378139586, 59.5
47015.108972058726, 47251.20436591028, 46860.75136368345, 60.0
47401.14605886875, 47637.406233378606, 47246.79167460884, 60.5
47787.69069219064, 48024.125273472244, 47633.13369846831, 61.0
48173.87918743447, 48410.515691237386, 48019.74589292664, 61.5
48559.92772859279, 48796.596009517554, 48406.40737856383, 62.0
48946.83539747654, 49183.16879446132, 48792.4838173817, 62.5
49333.34662071081, 49569.43460393047, 49179.02568247441, 63.0
49719.60942711235, 49955.691727786485, 49565.98681359613, 63.5
50105.97028756668, 50342.13677497356, 49952.98187138731, 64.0
50492.41462286257, 50728.472046714276, 50339.24587346201, 64.5
50878.57211611343, 51115.307575499806, 50726.187889597895, 65.0
51265.1667874821, 51501.92932882251, 51112.29692084253, 65.5
51651.2331203722, 51888.296751730144, 51498.35786012539, 66.0
52037.94445118125, 52275.00721657203, 51885.20644039453, 66.5
52424.32500361643, 52661.50632212021, 52271.26599038613, 67.0
52810.74286869961, 53048.415181078155, 52657.48738111593, 67.5
53197.3257637514, 53434.959194531184, 53043.720418673314, 68.0
53583.619190395264, 53821.06104603763, 53430.55506481847, 68.5
53970.49164325469, 54207.90258796993, 53817.454911417655, 69.0
54356.51438623878, 54594.004223485805, 54203.74859419337, 69.5
54742.66089135309, 54980.685655041205, 54590.34993360558, 70.0
55128.998485346536, 55367.679389261604, 54976.36575506135, 70.5
55515.21053171324, 55753.85612950532, 55362.41701448609, 71.0
55901.50836762712, 56140.526411626604, 55749.39732292179, 71.5
56288.05528353777, 56526.74950715688, 56135.91607674244, 72.0
56674.61455591113, 56912.93300759634, 56522.58680000565, 72.5
57061.49236741098, 57299.60920931736, 56908.698153972386, 73.0
57448.055045830035, 57686.57645000154, 57295.42014922497, 73.5
57834.40079904666, 58072.836515457195, 57682.20802635865, 74.0
58220.69266602726, 58459.80625981895, 58069.16324198702, 74.5
58607.27495714071, 58845.952552918396, 58455.77307454474, 75.0
58993.809689392634, 59231.96354689345, 58841.82790348896, 75.5
59380.27999181373, 59618.41451545183, 59227.95725450296, 76.0
59767.05267772236, 60005.056964800824, 59614.220329026764, 76.5
60153.83043502784, 60391.63537182451, 60000.583537695, 77.0
60540.47559472694, 60777.762541486685, 60386.63300440629, 77.5
60927.15576611693, 61164.2743351602, 60772.997858075934, 78.0
61313.587898491605, 61550.91872919678, 61159.1295904141, 78.5
61700.22865997569, 61937.06292805168, 61546.05767594684, 79.0
62086.497888312944, 62323.67819873569, 61932.67547688866, 79.5
62472.58455982682, 62709.81907166075, 62319.60303553679, 80.0
62859.560115220775, 63096.67058783804, 62706.466202609656, 80.5
63246.48345034228, 63483.00189319175, 63092.66781695888, 81.0
63632.65962063829, 63869.344720704874, 63478.806713325794, 81.5
64019.04830397583, 64256.07232873369, 63865.31701304094, 82.0
64405.11648206842, 64642.91710828024, 64251.59161501087, 82.5
64792.007608908105, 65028.99322582606, 64637.604263618516, 83.0
65178.29151688413, 65415.63392795358, 65024.532384985556, 83.5
65564.83339927832, 65802.4220781413, 65410.576380057566, 84.0
65951.1504650023, 66188.86785361505, 65796.79985646988, 84.5
66337.2009643282, 66574.91264220358, 66182.9837195456, 85.0
66723.3935741263, 66961.2575549931, 66569.00409695027, 85.5
67109.98423482756, 67348.09105503508, 66955.6802674214, 86.0
67496.2621780268, 67734.58211823585, 67342.51629416029, 86.5
67882.56684857314, 68121.16298179187, 67728.90175517942, 87.0
68268.87204503977, 68507.57050377544, 68115.73425233082, 87.5
68655.66273058904, 68893.66317303534, 68502.42388163973, 88.0
69042.4575051412, 69280.27827681408, 68888.55475641869, 88.5
69429.35616854054, 69666.648403722, 69275.03232178597, 89.0
69815.99178443855, 70052.88810194042, 69661.09634635555, 89.5
70202.94973478981, 70439.51793337986, 70047.20069353392, 90.0
70588.97538038272, 70826.25622926217, 70433.25044404338, 90.5
70975.95246753305, 71212.70334825646, 70819.97588451247, 91.0
71362.59959799747, 71599.64610894049, 71206.39235572172, 91.5
71749.48846701949, 71986.1227111635, 71592.73529821854, 92.0
72135.9679529203, 72372.38769285774, 71979.02005395097, 92.5
72522.6662381881, 72759.25008010506, 72365.15388985866, 93.0
72909.20378380302, 73145.93067219459, 72751.73429823545, 93.5
73295.93976207616, 73532.65362612646, 73138.21549447901, 94.0
73681.9997254008, 73919.43863727608, 73524.44510364882, 94.5
74068.11928463764, 74306.32383251074, 73911.3271505755, 95.0
74454.52989191255, 74692.80995979017, 74297.67601623952, 95.5
74841.30970739921, 75079.31633170435, 74684.60241764502, 96.0
75228.19050126451, 75465.55364443766, 75071.30894074916, 96.5
75614.73483730703, 75852.08188940141, 75457.45102986551, 97.0
76000.78534393724, 76238.2515954595, 75843.91483512423, 97.5
76387.31784270436, 76625.14070202806, 76230.6027689377, 98.0
76773.49890716684, 77011.53738124628, 76617.57129935335, 98.5
77159.6371769517, 77397.74739205549, 77003.97055677728, 99.0
77546.5362214653, 77784.04130723505, 77390.80465179907, 99.5
