1496.5390815646058, 1836.6110033395144, 1415.6536357538928, 1.0
1899.087557563225, 2239.487182435927, 1818.2877069697965, 1.5
2301.6688750286908, 2641.9947891135894, 2221.310065677825, 2.0
2705.1012753390482, 3044.5206398497353, 2624.8099606779842, 2.5
3108.5098121743754, 3447.836739363799, 3027.840784682973, 3.0
3511.411591199961, 3851.168623670874, 3430.6891851829073, 3.5
3914.793661153251, 4254.070035122448, 3833.4378031211077, 4.0
4317.856478992575, 4656.849835282402, 4236.366626559138, 4.5
4720.45196581734, 5059.628265085942, 4639.428910692685, 5.0
5123.921937542027, 5462.741728625531, 5042.862656831714, 5.5
5526.551282823668, 5865.550351394627, 5445.674381250504, 6.0
5929.5582799550775, 6268.188689500329, 5848.873764653228, 6.5
6332.176803752244, 6670.717433828423, 6252.290166529364, 7.0
6735.182587565698, 7073.396524481214, 6655.433229144657, 7.5
7138.154611564237, 7476.2277677169295, 7058.384493815615, 8.0
7541.311613491348, 7879.060018949196, 7461.222146402524, 8.5
7943.831843910814, 8282.216096564702, 7863.824868775192, 9.0
8347.209953347188, 8684.977632253434, 8266.803722844706, 9.5
8750.290550459185, 9088.37199289032, 8670.181289284179, 10.0
9152.96053242823, 9491.057214948527, 9072.86823187281, 10.5
9555.745355007108, 9894.222636905495, 9476.302974779599, 11.0
9958.722298256884, 10297.65744999093, 9879.701459842167, 11.5
10362.037176501732, 10700.456894476465, 10283.159625304334, 12.0
10765.198646107487, 11103.8761123117, 10685.961037169965, 12.5
11168.510746776064, 11507.207270776064, 11088.932397081328, 13.0
11571.321081477288, 11909.845924015084, 11491.591052798974, 13.5
11974.117020092259, 12313.2810926563, 11894.111513677952, 14.0
12376.80583183492, 12716.553445384061, 12297.173774760427, 14.5
12779.88738728006, 13119.973705956896, 12700.520709625782, 15.0
13183.11284107993, 13523.296462736354, 13103.552404686488, 15.5
13586.316491632282, 13926.454554460322, 13506.19658288196, 16.0
13989.411525795702, 14329.566416924947, 13909.069512151516, 16.5
14392.34958691996, 14732.583091019882, 14311.70286144996, 17.0
14795.768980805018, 15135.61052515342, 14714.952297783102, 17.5
15198.601313064708, 15538.136599512194, 15117.859812344646, 18.0
15602.076628646539, 15940.639831500615, 15521.333651750014, 18.5
16005.540146021625, 16343.203925912798, 15924.083027404464, 19.0
16408.332739089215, 16746.00284796555, 16327.470857852706, 19.5
16810.846639241827, 17148.817504322586, 16729.973473084567, 20.0
17214.108709640215, 17551.96792498908, 17132.82963197059, 20.5
17617.555588660267, 17954.945149745665, 17536.057568522887, 21.0
18020.17389050071, 18357.777697980157, 17938.948004517348, 21.5
18422.868351758472, 18760.75430186619, 18341.542646836926, 22.0
18825.7635249588, 19163.42654924739, 18744.744788021417, 22.5
19228.60742576616, 19566.81777872556, 19147.91876054289, 23.0
19631.273126304313, 19970.171835126926, 19551.291681478666, 23.5
20034.14589816734, 20373.204031189016, 19953.98212737563, 24.0
20436.99654240675, 20776.281158662285, 20356.674950202283, 24.5
20840.12045739805, 21179.61947815118, 20759.31817225446, 25.0
21242.74288892661, 21583.04167641118, 21162.139714380766, 25.5
21645.744634933988, 21985.731435853126, 21564.94103217997, 26.0
22048.44623420624, 22388.256676734265, 21968.252899621315, 26.5
22451.68497154569, 22790.76084345521, 22371.152527879323, 27.0
22854.46006298348, 23193.967239000216, 22774.132663195516, 27.5
23257.927000019532, 23596.885298868914, 23177.410062820876, 28.0
23660.983265948074, 23999.85422342809, 23580.806450368695, 28.5
24063.721795094127, 24402.91510756778, 23983.934602519003, 29.0
24466.84604034923, 24805.62301496574, 24386.43460417405, 29.5
24869.459836341077, 25208.74647070447, 24789.190981774314, 30.0
25272.514008221988, 25611.319952400947, 25191.87421617919, 30.5
25675.45534385778, 26014.540612966655, 25595.145095943175, 31.0
26078.583591703336, 26417.44758950304, 25997.836228650533, 31.5
26481.1500842398, 26819.971520116767, 26400.958006877958, 32.0
26883.722521944215, 27222.786191913532, 26803.632321326815, 32.5
27286.251512232266, 27625.734781489504, 27207.092164123096, 33.0
27689.44805011088, 28029.17603662228, 27609.782687077288, 33.5
28092.494232317487, 28432.66864728196, 28012.29362170485, 34.0
28495.800539027132, 28836.05509017146, 28415.775213675406, 34.5
28899.233967937664, 29239.358317010698, 28818.571282062712, 35.0
29302.62079006531, 29642.25232170715, 29221.337368365934, 35.5
29705.23413890445, 30045.14026628199, 29624.507320848872, 36.0
30108.256848740264, 30448.006119024456, 30027.363948558494, 36.5
30511.167165416748, 30850.550592304626, 30430.706750297875, 37.0
30913.849124192562, 31253.055526409702, 30833.36634260201, 37.5
31317.00422753586, 31656.323710247474, 31236.52314452002, 38.0
31720.020064368484, 32059.543573996427, 31639.201468243165, 38.5
32123.03514081482, 32462.697129152966, 32042.03553879347, 39.0
32525.554538826244, 32865.846748044365, 32444.626427376716, 39.5
32928.076335347054, 33268.66256957924, 32847.744537889674, 40.0
33331.068036746066, 33671.41105031471, 33251.19039279648, 40.5
33733.699969286485, 34074.06313116808, 33653.84260919539, 41.0
34137.06610539833, 34477.201202659926, 34057.04349358313, 41.5
34539.89116757292, 34879.73846162676, 34460.30595188401, 42.0
34943.31830858186, 35282.46193262045, 34863.331391958745, 42.5
35346.14756468819, 35685.37995508242, 35266.33888380232, 43.0
35749.63917517987, 36088.04549330252, 35669.60957378012, 43.5
36152.42009221937, 36490.6545658453, 36072.96602138647, 44.0
36555.25121375484, 36893.17206548587, 36475.673777848766, 44.5
36958.24679473135, 37295.85649395264, 36878.224028186996, 45.0
37360.97221615942, 37698.96970963469, 37280.87415289103, 45.5
37763.68426931211, 38102.025578072076, 37683.97086848436, 46.0
38166.85105597782, 38505.490754913, 38087.15589827318, 46.5
38570.183964321855, 38908.49959290027, 38490.206993170796, 47.0
38972.931355079934, 39311.96322491172, 38893.3084748938, 47.5
39376.39312817297, 39715.03419253008, 39296.69814687754, 48.0
39779.5433837317, 40117.560187614115, 39699.6610024255, 48.5
40182.29239644565, 40520.54972475987, 40102.64773558627, 49.0
40585.753902600874, 40923.211565650025, 40505.89924006393, 49.5
40988.56241738292, 41326.1901795082, 40909.13230016624, 50.0
41391.241869251884, 41729.6213531917, 41311.71873397179, 50.5
41794.42784184781, 42132.54519582589, 41714.46668592292, 51.0
42197.60537012378, 42535.26358000285, 42117.733048546346, 51.5
42600.630899881195, 42937.883303915, 42520.39512435986, 52.0
43003.23748615882, 43341.00203316601, 42923.51506003076, 52.5
43406.10973047342, 43744.1943932574, 43326.93849259014, 53.0
43809.54863481965, 44147.12687332639, 43729.82534091543, 53.5
44212.336062427195, 44549.96892862748, 44132.45930118978, 54.0
44614.915469801046, 44953.25513082287, 44535.195437530325, 54.5
45018.09890211905, 45355.80327130281, 44938.34802449792, 55.0
45421.024448949865, 45758.62031853105, 45341.71125465081, 55.5
45823.901783260844, 46161.46280553694, 45745.14503570679, 56.0
46226.587011433185, 46564.64148882087, 46148.467099037814, 56.5
46629.72113653658, 46967.24950036765, 46551.39200146182, 57.0
47033.035282120145, 47369.817519380726, 46954.294178913166, 57.5
47436.22473538297, 47772.58904810467, 47357.757372496315, 58.0
47839.58432081519, 48175.47503108917, 47761.048941943554, 58.5
48242.396445457285, 48578.9316477227, 48164.46383098196, 59.0
48645.424101508725, 48982.21078497404, 48567.39425281748, 59.5
49048.67318058727, 49385.56051206005, 48969.90472534278, 60.0
49451.66237220936, 49788.571330410625, 49373.30599724616, 60.5
49854.208340436024, 50191.8094611172, 49776.010899232904, 61.0
50257.610348701695, 50595.1202157021, 50179.20890408341, 61.5
50661.01998380217, 50997.96366212469, 50582.30568360618, 62.0
51063.84826873955, 51400.4878840545, 50985.132069033236, 62.5
51467.03896383517, 51803.41428612477, 51387.77181235494, 63.0
51870.15454761323, 52206.561134592775, 51790.31639677623, 63.5
52273.285389241515, 52609.28242992133, 52193.79418865883, 64.0
52676.365446830714, 53011.879134881274, 52597.1134476947, 64.5
53079.720747800464, 53414.87764062055, 53000.38436512022, 65.0
53482.77297434262, 53818.30359390937, 53403.10410752234, 65.5
53886.154434233074, 54221.64990774418, 53805.942684349575, 66.0
54289.30631955433, 54625.088462111926, 54208.54372991176, 66.5
54692.17433420875, 55027.96983132438, 54611.55526944881, 67.0
55094.87008168278, 55430.69431128973, 55014.91314007965, 67.5
55498.24964556856, 55833.54538992187, 55418.20878793374, 68.0
55900.84367700021, 56236.98959483389, 55821.10690602806, 68.5
56303.987251543134, 56639.59070323368, 56224.13813048207, 69.0
56707.26542788036, 57042.50000315165, 56627.05500906242, 69.5
57110.64411936784, 57445.81651326504, 57030.381129603105, 70.0
57513.21318114961, 57848.881563469666, 57433.33457651183, 70.5
57916.252456979215, 58251.66446875048, 57836.72323509855, 71.0
58318.835827686635, 58654.99775689593, 58240.18802145767, 71.5
58721.634229489246, 59058.05355141069, 58642.71609648928, 72.0
59125.06785788186, 59461.2982980457, 59045.66141739123, 72.5
59527.64269515479, 59864.585692635104, 59448.98361856085, 73.0
59930.991247505845, 60267.90314912564, 59851.57377350077, 73.5
60334.170424925294, 60670.51817088055, 60254.662760194, 74.0
60737.16566091825, 61073.32842859379, 60657.413955646596, 74.5
61140.622959037784, 61476.2538454144, 61060.58495489698, 75.0
61543.552031586056, 61879.5200885552, 61463.983288012496, 75.5
61946.54042786661, 62282.44280277669, 61867.35651459783, 76.0
62349.13359597582, 62685.14117949162, 62270.40770292142, 76.5
62751.895815395204, 63087.9671801253, 62673.151933410074, 77.0
63155.18491980922, 63491.43363057313, 63075.669836245695, 77.5
63557.89287394562, 63894.21989014855, 63479.00168546935, 78.0
63960.99712806369, 64296.76666175688, 63881.909948559376, 78.5
64363.646203834964, 64699.72887297163, 64285.10672809849, 79.0
64766.40065022694, 65103.116053187034, 64688.26201999311, 79.5
65169.83751577186, 65506.41986598524, 65091.4190004619, 80.0
65572.5005076456, 65909.2836686403, 65493.99612401296, 80.5
65975.71833891589, 66311.9692635539, 65897.20718650141, 81.0
66378.60009481918, 66715.41062980676, 66300.03344836173, 81.5
66781.74055600932, 67118.20641817944, 66703.3873327455, 82.0
67184.50538405114, 67521.31363827038, 67106.10549885432, 82.5
67587.65912712216, 67924.44954930463, 67509.45965532569, 83.0
67990.41196908666, 68327.7460949961, 67912.2937802382, 83.5
68393.18108418799, 68730.49614424896, 68315.55750392925, 84.0
68795.70370701187, 69133.11261021608, 68718.43572486634, 84.5
69198.99509360536, 69536.43740463631, 69121.51577941889, 85.0
69601.62025603943, 69939.52946095944, 69524.06798712182, 85.5
70004.27894384519, 70342.86621578381, 69927.05138775002, 86.0
70407.64080660418, 70745.41214974159, 70329.66139791411, 86.5
70810.19707424712, 71148.66003405437, 70732.93397874723, 87.0
71213.15702223491, 71551.66703017004, 71135.47401827064, 87.5
71616.0741132204, 71955.07055598302, 71537.98733909593, 88.0
72018.91497564828, 72358.00814408677, 71940.81072212599, 88.5
72422.19919759642, 72761.37983544916, 72344.16422122628, 89.0
72824.8002230824, 73164.00357278335, 72746.68879545538, 89.5
73227.91670973573, 73566.773585654, 73150.12308005747, 90.0
73631.07737332719, 73970.21182595109, 73552.69074310936, 90.5
74034.40512230863, 74372.94291953882, 73955.22373151897, 91.0
74437.81837446721, 74775.89068158579, 74358.23023425735, 91.5
74841.29903446985, 75178.74453430824, 74761.26080187183, 92.0
75244.03414417003, 75581.71901169648, 75164.17083582158, 92.5
75647.48050400069, 75984.95238395457, 75567.10915637709, 93.0
76050.8144588952, 76387.75384839441, 75969.71325743216, 93.5
76454.29266025293, 76790.9296061821, 76372.38042345806, 94.0
76857.29512400957, 77194.29855404481, 76775.48953176223, 94.5
77260.27395942197, 77597.03318997809, 77178.40730480615, 95.0
77663.16341659859, 78000.07027878218, 77581.47824761426, 95.5
78066.12761686937, 78402.74302897518, 77984.01270843286, 96.0
78468.96266587051, 78805.81564789251, 78386.92528824997, 96.5
78871.5997991628, 79208.35626268601, 78790.25005133763, 97.0
79274.73299073691, 79611.48398595305, 79193.73772203425, 97.5
79678.0865259652, 80014.76408570247, 79596.82347431795, 98.0
80080.98986417432, 80417.32595296575, 79999.88551241062, 98.5
80483.6626769385, 80820.45325383756, 80402.53463675447, 99.0
80887.13635661641, 81223.78966165449, 80805.34541447624, 99.5
