1418.0774217838532, 1915.1446450673277, 1708.900213682933, 1.0
1791.7976623547452, 2288.244880435078, 2082.4091407400974, 1.5
2165.6407352836586, 2661.7676797458407, 2456.353841495222, 2.0
2539.5225354171607, 3035.1386404180494, 2829.3545875929535, 2.5
2913.277802603486, 3408.2650496247725, 3202.363998432373, 3.0
3287.0084867555306, 3782.1078915793237, 3576.2005759617427, 3.5
3660.961922667701, 4155.3095618269845, 3949.2820767254434, 4.0
4034.0826727301305, 4529.28730750545, 4322.394002124208, 4.5
4407.242215159868, 4902.307407096403, 4695.44333437726, 5.0
4780.280481748284, 5275.660439478435, 5068.606602701009, 5.5
5153.590156441394, 5649.58924968369, 5441.774084909728, 6.0
5527.4045127447025, 6023.327607110656, 5815.342606957545, 6.5
5900.980207693751, 6397.097751498982, 6188.92970084197, 7.0
6274.209503165721, 6770.427229703819, 6562.173714066981, 7.5
6647.6101468485085, 7144.414491440877, 6935.600465998713, 8.0
7020.679787818689, 7517.89123725503, 7309.413153680181, 8.5
7394.12533845536, 7891.593538734842, 7682.504058861226, 9.0
7767.187742619528, 8265.255284143466, 8055.5523245534605, 9.5
8140.4897505193, 8638.639906941253, 8428.745838219475, 10.0
8513.526115249671, 9011.646645384213, 8802.697467370315, 10.5
8887.214816442165, 9385.598437753702, 9176.18917373774, 11.0
9261.16923089132, 9759.460984966912, 9549.807203476126, 11.5
9634.694391312536, 10132.969654136406, 9923.032666914038, 12.0
10008.070603638083, 10506.692556794771, 10296.227907000564, 12.5
10381.92052189149, 10880.202390742554, 10669.832075621898, 13.0
10755.74235859663, 11253.848584108087, 11042.969798103843, 13.5
11128.9901104433, 11626.849641110775, 11415.997184688033, 14.0
11502.941590943708, 12000.442630688536, 11789.96596823179, 14.5
11876.722159676436, 12373.758443535387, 12163.933136141359, 15.0
12250.64472094365, 12747.2147667746, 12537.01639821966, 15.5
12623.963156407213, 13120.381065521216, 12910.381981895036, 16.0
12997.045676712705, 13494.09430907651, 13284.361538878606, 16.5
13370.256437828628, 13867.874343787662, 13657.945956707985, 17.0
13743.739083516688, 14241.781646624486, 14031.323271283694, 17.5
14117.560162158154, 14614.816405241527, 14405.288624987727, 18.0
14490.742764890661, 14987.82014482985, 14779.169947510172, 18.5
14864.464193308808, 15361.494953358348, 15152.935903117183, 19.0
15237.841555278612, 15734.609368656751, 15526.254097127965, 19.5
15611.795214199548, 16108.590826517191, 15899.484118363458, 20.0
15985.237436258752, 16482.041437256783, 16273.388335949574, 20.5
16358.242963169956, 16855.87065228303, 16646.641781023656, 21.0
16731.792101232168, 17228.999751252337, 17019.72585799989, 21.5
17105.67518404758, 17602.502678013414, 17393.69767654146, 22.0
17479.54003443708, 17976.255113933345, 17766.77232068463, 22.5
17853.1293355701, 18350.24735285153, 18140.275329130705, 23.0
18226.19523199252, 18723.432065261168, 18514.2632805511, 23.5
18600.17207332317, 19096.67910566686, 18887.581730386315, 24.0
18973.887045034255, 19470.186749622422, 19260.767240474936, 24.5
19347.871514492785, 19843.807459374646, 19634.132396902045, 25.0
19720.893499334918, 20217.317835574922, 20007.884379903444, 25.5
20094.07135920085, 20590.40508108158, 20381.60848954296, 26.0
20467.99174870578, 20963.782009459977, 20755.081465080537, 26.5
20841.628169005213, 21337.30198679029, 21128.209820765765, 27.0
21214.90308933991, 21710.508079415173, 21501.407028919253, 27.5
21587.99128118188, 22083.899273041672, 21874.62627618471, 28.0
21961.838834554554, 22457.22128773444, 22248.589460016534, 28.5
22335.649892151025, 22830.490523365144, 22621.74359461671, 29.0
22709.221998879086, 23203.964525907508, 22995.27859819643, 29.5
23082.345202007866, 23577.49567935819, 23369.037886453647, 30.0
23455.790349485986, 23950.750900449148, 23742.96018439554, 30.5
23829.08642065742, 24324.746182992574, 24116.648917580158, 31.0
24202.08874578765, 24698.19362298465, 24489.79809101907, 31.5
24575.875098520657, 25071.614620211214, 24862.883627645122, 32.0
24949.82717119324, 25445.413885482823, 25236.491340269225, 32.5
25323.394748449256, 25818.48817337631, 25610.473850546354, 33.0
25696.69648377125, 26192.012126895268, 25983.96386734476, 33.5
26070.168846353394, 26565.03031258206, 26357.857061251365, 34.0
26443.661344318567, 26938.423724563047, 26731.717729036707, 34.5
26817.52144492244, 27312.142715232803, 27105.625216126242, 35.0
27190.87102528879, 27685.24749663613, 27478.973005371932, 35.5
27564.472654182387, 28059.03436987753, 27852.70739743446, 36.0
27938.10232656799, 28432.635228499043, 28226.373456044574, 36.5
28311.677148223294, 28805.650471104334, 28599.920089448893, 37.0
28684.95265448339, 29178.72275190043, 28973.532439159368, 37.5
29058.793546108725, 29552.005407880264, 29347.202497216207, 38.0
29432.419224954385, 29925.686803466087, 29721.074444134938, 38.5
29806.114902525846, 30298.766343886797, 30094.691536438986, 39.0
30179.463310457275, 30672.18301569335, 30468.366429182577, 39.5
30552.636976160524, 31045.81006526418, 30842.304676027947, 40.0
30925.71343969465, 31419.661528191136, 31216.012654762042, 40.5
31299.117619504566, 31793.427283262023, 31589.092019015043, 41.0
31672.278515737537, 32167.424884343134, 31962.713932095754, 41.5
32045.44612804563, 32540.55428895807, 32336.160769331364, 42.0
32418.99248357912, 32914.54409539544, 32709.34688311572, 42.5
32792.628165738424, 33287.984560052944, 33082.90407550736, 43.0
33166.569922039234, 33661.10286727693, 33456.73931542572, 43.5
33540.30144145436, 34034.37052483506, 33829.85932838351, 44.0
33914.04826765538, 34408.22381632532, 34203.20480477605, 44.5
34287.186352163444, 34781.77888646053, 34576.87540291858, 45.0
34660.54492680714, 35155.18974749608, 34949.977782763825, 45.5
35033.686095404955, 35528.41213027006, 35323.7356084995, 46.0
35406.807794511355, 35901.61013444342, 35697.19988783659, 46.5
35780.01792613676, 36274.84986682253, 36070.936669158364, 47.0
36153.25178507533, 36648.411422806574, 36444.02112080332, 47.5
36526.76947308493, 37022.10960919728, 36817.4686536267, 48.0
36899.959449084905, 37395.13980042486, 37190.74372270965, 48.5
37273.36806658735, 37768.24065308395, 37564.170110384504, 49.0
37646.876454862366, 38141.304731969794, 37937.83438968891, 49.5
38020.832204992825, 38515.007316962015, 38311.28396894582, 50.0
38394.66500468731, 38888.952266939436, 38685.23373646238, 50.5
38768.616537756905, 39262.71794574985, 39059.17695587945, 51.0
39142.37829275118, 39636.04289332649, 39432.31142427718, 51.5
39515.86534382427, 40009.745850024156, 39805.580463973434, 52.0
39889.225315078234, 40382.82810465223, 40178.621399636475, 52.5
40262.484349279126, 40756.676607971116, 40551.68174982732, 53.0
40635.63420415592, 41130.07612180589, 40925.649906142266, 53.5
41008.851901401, 41503.11979770765, 41298.6987838095, 54.0
41382.196081292626, 41876.12535181795, 41672.36937574462, 54.5
41755.25822099142, 42249.31525068496, 42045.445934305266, 55.0
42128.528356259885, 42622.40363718041, 42418.6102413064, 55.5
42501.722235826106, 42995.636948353036, 42792.244719878785, 56.0
42875.09197417346, 43368.84423356098, 43165.25681976317, 56.5
43248.95730989725, 43742.69799238378, 43539.20493784863, 57.0
43622.666860598445, 44116.13062610635, 43912.5330112549, 57.5
43995.861786739355, 44489.570893791686, 44285.95122272007, 58.0
44369.79949749723, 44862.77113450459, 44659.650247998856, 58.5
44743.530247583454, 45236.42948675766, 45033.2636445888, 59.0
45116.572442442186, 45609.57637309286, 45406.78185936466, 59.5
45490.17590728431, 45983.53884357137, 45780.567582240124, 60.0
45863.39265554873, 46356.68701160106, 46154.34120030188, 60.5
46236.4033996794, 46730.5989367871, 46527.42788796411, 61.0
46610.00238672401, 47104.44463652344, 46900.511993017186, 61.5
46983.10427594271, 47478.07631247686, 47274.23185642271, 62.0
47356.11457676802, 47851.54476286382, 47648.02574937916, 62.5
47729.89050314303, 48224.93802257717, 48021.03386747469, 63.0
48103.508265406614, 48598.47446464411, 48394.455809811836, 63.5
48477.10440109955, 48972.05870671812, 48767.93710670839, 64.0
48850.65374079799, 49345.62026041492, 49141.708786206844, 64.5
49224.44492837089, 49718.64199718901, 49515.493133263386, 65.0
49597.68801558646, 50092.06398095079, 49888.71061380399, 65.5
49970.99632552663, 50465.462205520875, 50262.164554829724, 66.0
50344.10254227267, 50838.75634412599, 50635.62127828632, 66.5
50717.488618179195, 51212.28635072808, 51008.69029098789, 67.0
51091.04721340434, 51586.19153127532, 51382.42920924387, 67.5
51464.604536857565, 51959.99723617819, 51755.80905736253, 68.0
51837.78135715894, 52333.60963115509, 52129.05340780827, 68.5
52211.054598826675, 52707.37847454719, 52502.562752077785, 69.0
52584.229226213065, 53080.59549930146, 52876.29680487008, 69.5
52957.87939836969, 53454.49402808529, 53250.03572754211, 70.0
53331.16436921756, 53828.196518484314, 53623.917430523165, 70.5
53705.04615043257, 54202.10966619214, 53997.06236530096, 71.0
54078.29586643647, 54575.28272861928, 54370.878731906356, 71.5
54451.98901890811, 54948.84072585992, 54744.07512306171, 72.0
54825.400489906715, 55322.53117377294, 55117.10714180061, 72.5
55199.291299377124, 55696.23527302621, 55491.00141642553, 73.0
55573.23997256972, 56069.75068297992, 55864.302389472534, 73.5
55946.61968069435, 56443.23841266327, 56237.90740411182, 74.0
56319.8936004217, 56816.52698410107, 56611.41997893721, 74.5
56693.633092515745, 57189.54096059406, 56985.32152191802, 75.0
57067.2828053996, 57563.0423437167, 57358.87621581738, 75.5
57441.105129584124, 57936.47144812117, 57732.20136100534, 76.0
57814.19563302108, 58309.80570218902, 58105.26209122763, 76.5
58187.45052855023, 58683.44704063182, 58478.61989634949, 77.0
58561.36123394778, 59056.91624154205, 58852.455863766496, 77.5
58934.568778631125, 59430.89406659784, 59226.30819746056, 78.0
59308.47365213065, 59804.69959639858, 59599.82679640658, 78.5
59681.62822562219, 60178.54295042294, 59973.78334867734, 79.0
60055.085420793315, 60552.30851998076, 60347.40849210838, 79.5
60428.855602551055, 60926.217066718265, 60721.05864935531, 80.0
60802.00020245667, 61299.65524291249, 61094.60085963518, 80.5
61175.22593790838, 61673.360953079515, 61467.928239474655, 81.0
61548.3135484606, 62046.71960613047, 61841.663214619184, 81.5
61921.9491282828, 62420.04350536771, 62215.08240598435, 82.0
62295.63847017575, 62793.8936069372, 62588.19004087629, 82.5
62668.83528303523, 63167.30722900153, 62961.40813607114, 83.0
63042.01569805401, 63540.60950925663, 63334.54982068652, 83.5
63415.05260942017, 63914.03637817572, 63707.98687952319, 84.0
63788.6696588716, 64287.96762083791, 64081.92685614758, 84.5
64162.14625425618, 64661.24826757685, 64455.54480459574, 85.0
64535.58992932114, 65034.83962033736, 64829.472848713755, 85.5
64909.34931056935, 65408.826150453286, 65203.28438379483, 86.0
65283.1154324392, 65782.82128571752, 65577.02079927974, 86.5
65656.86317954044, 66156.49356648859, 65950.98961932232, 87.0
66030.39489843001, 66529.88440355631, 66324.60333123062, 87.5
66403.58577306227, 66903.67162950875, 66698.12579472546, 88.0
66776.94371534635, 67277.34828952324, 67071.83549401259, 88.5
67150.55541702655, 67650.66219098386, 67445.35464659502, 89.0
67523.5676219597, 68024.07055146809, 67818.37806294039, 89.5
67897.16294100799, 68397.14820643982, 68191.61027911701, 90.0
68270.94349615998, 68770.85479226189, 68564.83226157415, 90.5
68643.9727127194, 69144.81211390186, 68938.26299032982, 91.0
69017.0306184831, 69518.33666252089, 69312.08038296262, 91.5
69390.624650361, 69891.62598419828, 69685.59492465004, 92.0
69763.99139621323, 70265.57141279535, 70059.39111424374, 92.5
70137.19942478837, 70639.18331926207, 70433.19764319103, 93.0
70510.40297986657, 71012.32528921064, 70806.76694203325, 93.5
70884.04173079753, 71385.74875088903, 71180.30771201929, 94.0
71257.64005596882, 71759.44606635995, 71553.40640999642, 94.5
71630.97886343807, 72132.59402372425, 71926.62865120002, 95.0
72004.89248471738, 72506.2162138229, 72300.4620063182, 95.5
72378.29633868505, 72879.43129479383, 72673.54669578295, 96.0
72752.07131818346, 73253.29257442972, 73047.27827091144, 96.5
73125.29260915703, 73627.0559789738, 73421.16926368685, 97.0
73498.60005298845, 74000.55151902439, 73795.15327910797, 97.5
73871.80063912203, 74374.20394880365, 74168.92997413446, 98.0
74245.36728434237, 74748.11976028595, 74542.43028274016, 98.5
74618.52929506454, 75121.48108261601, 74915.74487000353, 99.0
74992.0370570951, 75494.85634489328, 75289.57498278994, 99.5
