1293.682004560588, 1881.9353135125177, 1849.8419199045509, 1.0
1729.2174464929014, 2318.419042073094, 2285.779661843738, 1.5
2165.5065576087436, 2754.90155029051, 2721.7365172347086, 2.0
2601.802095179473, 3191.3268210519, 3158.2095838905243, 2.5
3037.7253241991434, 3626.9712188244475, 3594.509763394168, 3.0
3474.128232441178, 4062.520730265224, 4030.4228703428653, 3.5
3910.1719013988927, 4498.9504329596475, 4466.571101176462, 4.0
4346.104252815443, 4935.038223974577, 4902.4372617751515, 4.5
4782.3094352528415, 5371.508653596467, 5338.7443544904045, 5.0
5218.428834615743, 5807.513850409343, 5774.30737639619, 5.5
5653.936413097892, 6243.523978057386, 6210.1682740793085, 6.0
6090.143570438389, 6679.248837980685, 6645.992177121028, 6.5
6526.1710718289605, 7115.569729903848, 7081.5138779482695, 7.0
6961.684576787832, 7552.011903073536, 7517.7497242644795, 7.5
7397.496141231089, 7987.739150360204, 7953.899150016316, 8.0
7833.2978563564175, 8423.281219819783, 8389.671756521151, 8.5
8269.001454315408, 8858.924364793993, 8825.438144584417, 9.0
8705.13613706051, 9294.863119482561, 9261.043114946879, 9.5
9141.284869320398, 9730.62987204336, 9696.782255063214, 10.0
9577.228203338462, 10166.260065823284, 10132.632921429951, 10.5
10012.826077778709, 10601.909390099316, 10568.710649292818, 11.0
10448.954189733531, 11038.067133219845, 11005.028255842755, 11.5
10884.742726114315, 11473.593157506119, 11440.70806608767, 12.0
11321.120846605925, 11909.22940396539, 11876.32002101284, 12.5
11756.78672261024, 12345.309119809786, 12312.360629179862, 13.0
12192.971988114128, 12781.16646543761, 12747.928678354137, 13.5
12629.308479028756, 13216.890688483272, 13183.600333274428, 14.0
13065.254852382031, 13652.458153007738, 13619.19142717945, 14.5
13501.065390987234, 14088.17544461486, 14054.92582271105, 15.0
13937.004807774989, 14524.239815058541, 14490.922874794564, 15.5
14373.260005043341, 14960.019561247671, 14927.02128204849, 16.0
14809.60601740357, 15396.063145279084, 15363.32879558498, 16.5
15245.825621791202, 15832.40758033985, 15799.468501190819, 17.0
15682.276954414472, 16268.4871754848, 16235.84189921934, 17.5
16118.037277891202, 16704.952510611354, 16671.56166028796, 18.0
16554.528412629792, 17141.279724596217, 17107.418688094043, 18.5
16990.23344891136, 17577.41604146831, 17543.280091812136, 19.0
17425.846922713048, 18013.288309895375, 17979.74747432563, 19.5
17862.26258210677, 18449.39163300944, 18415.809337747796, 20.0
18297.92903258978, 18885.686902093224, 18852.02611279324, 20.5
18733.712599784794, 19321.50531751177, 19288.017250395744, 21.0
19170.088403374935, 19757.739494212576, 19723.831356002876, 21.5
19606.04424077813, 20193.8151158554, 20159.819924359057, 22.0
20042.48277867511, 20629.45991203098, 20595.689254554218, 22.5
20478.911205707824, 21065.157623917188, 21031.34747335698, 23.0
20915.36184742424, 21501.494328767956, 21467.017058949616, 23.5
21351.683279795845, 21937.797518798907, 21902.79146263702, 24.0
21787.402355960647, 22373.31517230116, 22338.404427277273, 24.5
22223.451496957896, 22809.76282755234, 22774.06078934392, 25.0
22659.82726274086, 23245.740439211673, 23210.101255377398, 25.5
23095.99371697816, 23681.310686205798, 23645.896813936008, 26.0
23531.887247982122, 24117.39615126205, 24081.96504437914, 26.5
23967.805054971224, 24553.39282558962, 24517.73292368601, 27.0
24403.470017455416, 24989.419315842686, 24953.263041558814, 27.5
24839.78675286116, 25425.70645773676, 25388.96661597766, 28.0
25275.350590047798, 25861.45516403653, 25824.92132027313, 28.5
25711.2212291801, 26297.745627462973, 26260.534417194154, 29.0
26146.875857237766, 26734.070918960155, 26696.042570955015, 29.5
26583.07242839772, 27169.9068251391, 27132.288195796405, 30.0
27019.513992571232, 27606.308254595937, 27568.711140616688, 30.5
27455.830193114958, 28042.279800230954, 28004.249068513058, 31.0
27891.35858032263, 28478.52681182647, 28439.794915284692, 31.5
28327.491613145605, 28914.615209539876, 28876.017238500583, 32.0
28763.245058618533, 29350.92178270168, 29311.746548361127, 32.5
29199.555856326897, 29786.77965919468, 29747.981447631642, 33.0
29635.54506906221, 30223.17885215818, 30183.973161830912, 33.5
30071.44421722547, 30659.189190923462, 30619.983801700055, 34.0
30507.507399711994, 31095.40788704544, 31055.986020447373, 34.5
30943.333005495584, 31531.77704774939, 31491.84452090309, 35.0
31379.569162887194, 31967.39394520969, 31927.768607690414, 35.5
31815.237546392364, 32403.846942420558, 32364.13281966428, 36.0
32251.14289667785, 32839.63607873453, 32800.09202052222, 36.5
32687.49443603075, 33275.82410328689, 33236.439967042636, 37.0
33123.64995421941, 33711.768637698166, 33672.68778038769, 37.5
33559.44210313058, 34147.64410544189, 34108.9093779777, 38.0
33995.91552614388, 34583.996873178454, 34544.498709357715, 38.5
34431.723858444704, 35020.3835831954, 34980.82752526983, 39.0
34867.2752992204, 35456.46452281073, 35416.56450426882, 39.5
35303.76227843704, 35892.56750418066, 35852.90482439997, 40.0
35740.136916825024, 36328.44257492651, 36288.465939095906, 40.5
36176.18895110365, 36764.705182911894, 36724.68800748608, 41.0
36612.326743117854, 37200.610810767255, 37160.99093688983, 41.5
37048.29107324123, 37636.455315350555, 37597.419652151286, 42.0
37484.41291263584, 38072.48235436299, 38033.91529069146, 42.5
37920.56865983235, 38508.902553937914, 38470.18050614539, 43.0
38356.26815709093, 38944.94042343484, 38906.15880496908, 43.5
38792.719427029704, 39381.20216155903, 39342.399528317415, 44.0
39228.73842637285, 39817.0583269835, 39778.55009014869, 44.5
39664.3796177792, 40252.94933900797, 40214.579997211025, 45.0
40100.82652547001, 40688.93463466729, 40651.06365138794, 45.5
40537.1233952823, 41124.964351808056, 41086.731952833085, 46.0
40973.26482986244, 41560.64336027337, 41522.95697562719, 46.5
41409.558683619995, 41996.156604596166, 41958.68906708536, 47.0
41845.53447232178, 42431.73265742047, 42394.342648153106, 47.5
42281.492686586105, 42868.188095864294, 42829.844039725176, 48.0
42717.161613409735, 43304.346012101094, 43265.66908020306, 48.5
43152.96239920576, 43740.70704741171, 43701.91339563061, 49.0
43588.98554928567, 44176.76352295709, 44137.90950751953, 49.5
44025.15827064771, 44613.15337592909, 44573.787313276895, 50.0
44460.84355933114, 45049.60991828867, 45009.52696141016, 50.5
44896.396143560036, 45485.980390124314, 45445.3305590242, 51.0
45332.61372144465, 45922.25159710354, 45880.94991876921, 51.5
45769.00441017857, 46357.85584335696, 46316.66960877407, 52.0
46204.84068680366, 46793.84919728984, 46752.484828505374, 52.5
46640.857552615686, 47230.191104080084, 47188.15162617661, 53.0
47076.444133041725, 47665.93550243344, 47623.70514971768, 53.5
47512.37278368051, 48101.721583228005, 48059.70634872336, 54.0
47947.918364937505, 48537.833711987696, 48496.005148746925, 54.5
48383.98483101245, 48973.997376354484, 48931.76435751112, 55.0
48820.012431881936, 49410.24296595604, 49367.784956163705, 55.5
49256.25580793389, 49846.71365969662, 49803.757686064615, 56.0
49692.02360827558, 50283.1873561752, 50239.70885302347, 56.5
50128.2498631472, 50718.92291787735, 50676.08696304819, 57.0
50564.06677903519, 51154.71803729841, 51112.061827546866, 57.5
51000.40635567451, 51591.20999887887, 51548.07161127162, 58.0
51436.69084343362, 52026.733487574194, 51983.89910428938, 58.5
51872.57416899497, 52462.955997519915, 52419.83194096816, 59.0
52308.08542957276, 52899.291495231504, 52855.70897165581, 59.5
52743.64584283239, 53335.67214976638, 53291.84236922659, 60.0
53179.75833780337, 53771.39596660583, 53727.86494197162, 60.5
53615.763537342915, 54207.25514020981, 54163.76976736139, 61.0
54051.33253455575, 54643.72138961928, 54600.098936830655, 61.5
54487.59360401885, 55079.50628554819, 55036.394847742966, 62.0
54923.65925629812, 55515.33380673678, 55472.30983859123, 62.5
55359.90900775095, 55951.28787809495, 55908.77084972403, 63.0
55795.537738009196, 56387.604141339354, 56344.73270341627, 63.5
56231.54802232465, 56823.67882187046, 56781.17895196247, 64.0
56667.21428085072, 57259.93493817554, 57216.81102824265, 64.5
57103.100792216756, 57696.20570793963, 57652.946755840225, 65.0
57539.2604770338, 58131.91681039864, 58089.0211656703, 65.5
57974.91811164588, 58567.826243788244, 58525.49719056058, 66.0
58410.587010284675, 59003.9489354561, 58961.64046430868, 66.5
58846.89762573441, 59440.10187498696, 59397.34564702458, 67.0
59282.7696319878, 59876.47568346972, 59833.544914368846, 67.5
59718.63567666279, 60312.36647535718, 60269.37367129203, 68.0
60154.778625067636, 60748.31104100871, 60705.30215741296, 68.5
60590.47880188378, 61184.13372388574, 61140.84941127402, 69.0
61026.29443050146, 61620.05734300123, 61576.64129653715, 69.5
61462.52876204684, 62055.63646085602, 62012.42365961027, 70.0
61898.7453197952, 62491.903256762234, 62447.97387454235, 70.5
62334.74287183629, 62927.598964637175, 62883.65319664149, 71.0
62770.63279877376, 63363.29950610231, 63319.225942917394, 71.5
63206.24265057207, 63799.077759965825, 63754.98149472133, 72.0
63642.52094786599, 64234.716386382635, 64190.48607701176, 72.5
64078.77340752309, 64670.22238054114, 64626.974636499894, 73.0
64514.365856721655, 65106.297049327, 65063.19088869987, 73.5
64950.65265369142, 65542.18547123767, 65499.361149943325, 74.0
65386.447983403574, 65978.28497862129, 65934.94461844637, 74.5
65822.31887847555, 66413.8252100097, 66370.94744635702, 75.0
66258.17576427755, 66850.23272462684, 66807.02702939496, 75.5
66694.6218950747, 67285.93244493038, 67242.84596667181, 76.0
67130.81549901597, 67721.90165474045, 67678.82194984728, 76.5
67566.71961753877, 68158.3084342124, 68114.92863714487, 77.0
68002.63641029902, 68594.23377318356, 68550.80445432298, 77.5
68439.02291824606, 69030.16826255016, 68986.66968825007, 78.0
68875.30038449186, 69465.68836200643, 69423.14744895163, 78.5
69311.13669596375, 69901.53880363217, 69859.58417531781, 79.0
69747.58672769673, 70337.99539313036, 70295.1182440148, 79.5
70183.30901288372, 70774.08924564089, 70730.96411425118, 80.0
70619.67717829069, 71209.64575383833, 71167.045717852, 80.5
71055.25886639857, 71645.21210365754, 71602.76052121233, 81.0
71490.88355763424, 72081.12309013706, 72038.37518435258, 81.5
71926.81883238743, 72517.09425123585, 72474.22221198428, 82.0
72363.2339346133, 72952.86561660146, 72910.42408812109, 82.5
72799.7073995417, 73388.87428153798, 73346.36598215821, 83.0
73235.37609157915, 73824.65066217467, 73782.16593973326, 83.5
73671.41953243857, 74260.30289480851, 74218.46866919732, 84.0
74107.0165460128, 74696.42158278842, 74654.61488205324, 84.5
74543.41449248536, 75132.00883342065, 75090.30119195864, 85.0
74979.78065951493, 75567.69625198147, 75526.44165275223, 85.5
75415.96165514647, 76003.32555871454, 75962.43090806188, 86.0
75851.66508485093, 76439.2820861774, 76398.14168515804, 86.5
76287.68816120662, 76875.47898789521, 76833.86199057369, 87.0
76723.3398137578, 77311.87043148813, 77269.790310702, 87.5
77159.25542272003, 77748.32420532577, 77706.19894988624, 88.0
77595.00611091878, 78183.93583003167, 78142.04804330984, 88.5
78030.69980568695, 78619.99332590216, 78577.89854878456, 89.0
78466.41866053973, 79055.98474728502, 79013.81907924273, 89.5
78902.85193393596, 79491.78496537237, 79449.97004898425, 90.0
79338.51483387087, 79928.28226117208, 79886.04452144164, 90.5
79774.12152991431, 80364.74725859302, 80321.8770726641, 91.0
80210.03063693662, 80801.18528712205, 80757.55896591477, 91.5
80645.77537784884, 81236.82497179059, 81193.85608944064, 92.0
81081.36964671248, 81672.61722969227, 81629.52977082609, 92.5
81517.20097936716, 82108.7412528754, 82065.72787842441, 93.0
81953.37872718823, 82544.33296457533, 82501.59987686826, 93.5
82389.46921047375, 82979.88122042305, 82937.31370226313, 94.0
82825.40176929034, 83415.93760487153, 83373.5282059801, 94.5
83261.14907552341, 83851.50677733669, 83809.48470640751, 95.0
83697.63493180521, 84287.4685827287, 84245.24329678947, 95.5
84134.07215207636, 84723.00779641845, 84681.08184746606, 96.0
84569.97708733287, 85159.4182192965, 85117.3254385212, 96.5
85005.87756713165, 85595.50730071939, 85553.24641959612, 97.0
85442.04690062908, 86031.27156821224, 85989.0424977927, 97.5
85877.83331667384, 86467.69374094505, 86424.85229291642, 98.0
86314.11787711547, 86903.5071415743, 86861.32239322482, 98.5
86750.08871724305, 87339.80096162247, 87297.4818416393, 99.0
87185.6761149848, 87776.28584941053, 87733.7298003173, 99.5
