1594.2098512445366, 1425.0259393244614, 1776.3956006670655, 1.0
1965.3556620184972, 1795.7806253796202, 2147.2516931253613, 1.5
2336.033960044514, 2167.09531536623, 2518.045697809115, 2.0
2707.416733070201, 2537.6690300424775, 2888.5543144808858, 2.5
3078.340584465956, 2908.5912072811657, 3259.8065920570425, 3.0
3449.7078973025405, 3279.6045735078724, 3630.6063895641723, 3.5
3820.924115819267, 3650.5647463728965, 4001.363877543538, 4.0
4191.744762385161, 4021.0652730896395, 4372.572791829916, 4.5
4562.290252967834, 4391.7532983847605, 4743.692473396116, 5.0
4933.410196061201, 4762.872086886023, 5114.8260377370425, 5.5
5304.711071682588, 5134.316811951023, 5486.293844197622, 6.0
5675.598530809097, 5505.167865371319, 5856.929705419552, 6.5
6046.530217367453, 5875.840354606852, 6228.36352772117, 7.0
6417.783754875468, 6246.575870862891, 6599.555235263165, 7.5
6788.982125636458, 6617.175031805307, 6970.864330481524, 8.0
7160.215377877695, 6988.147564159376, 7342.308212496223, 8.5
7530.803534230761, 7358.681433619723, 7713.531478060136, 9.0
7901.969221295723, 7729.185657114602, 8084.637068907093, 9.5
8273.05975297757, 8100.0642108381135, 8455.263685362534, 10.0
8644.37810617413, 8471.456204725026, 8826.319220296215, 10.5
9015.099273821357, 8842.497902975505, 9197.465483748108, 11.0
9386.115904902234, 9213.800660706705, 9568.19243536103, 11.5
9757.499248971244, 9585.018560939985, 9938.823489341783, 12.0
10128.088624702716, 9956.296621029698, 10309.654443415795, 12.5
10499.488533289365, 10327.72793699199, 10680.435609036953, 13.0
10870.72875473665, 10698.445631467022, 11051.436696650235, 13.5
11241.418166465246, 11069.744229924772, 11422.079154762621, 14.0
11612.83701687353, 11440.60599617611, 11792.864810538129, 14.5
11983.376690068722, 11811.31700783595, 12163.428039285935, 15.0
12354.098883369805, 12182.79665167334, 12534.583401943259, 15.5
12724.71473298357, 12553.40319472104, 12905.542411337281, 16.0
13096.091113788905, 12924.35688460788, 13276.398674760741, 16.5
13467.2567434977, 13294.98222841728, 13647.08321321676, 17.0
13838.288154520149, 13666.316449907654, 14018.045781589743, 17.5
14209.07740718897, 14037.353083310483, 14389.346991562441, 18.0
14579.784660327548, 14408.002665418377, 14760.345658870574, 18.5
14950.625433119028, 14778.648340821528, 15131.057748360303, 19.0
15321.989366292586, 15149.350432949986, 15501.897194894324, 19.5
15693.435095968829, 15520.222975195555, 15873.338291036673, 20.0
16064.77235783878, 15891.202007281665, 16244.299845365324, 20.5
16435.290226615412, 16262.089678632561, 16615.324276101324, 21.0
16806.77741697056, 16632.66630085252, 16986.648674493892, 21.5
17178.23519681609, 17004.051687356776, 17357.66847703422, 22.0
17549.415179154228, 17374.905694122845, 17728.197453313478, 22.5
17920.328032836467, 17746.150933507208, 18098.78555996481, 23.0
18291.306949627666, 18116.710667285206, 18469.41952410492, 23.5
18662.64805279931, 18487.250789399124, 18840.54523053024, 24.0
19033.418899411234, 18858.031913525763, 19211.983628147027, 24.5
19404.361792720872, 19229.095939434916, 19583.377693615144, 25.0
19775.518414729286, 19599.726166230663, 19954.198487130405, 25.5
20146.84524417202, 19970.53304663266, 20324.804586563227, 26.0
20517.64565549251, 20341.31467017134, 20695.786425639806, 26.5
20888.293403963085, 20712.65642999517, 21067.267149865333, 27.0
21258.99561271025, 21083.688208082054, 21437.99694667653, 27.5
21630.135636814735, 21454.459247019466, 21808.498273181736, 28.0
22000.651898749402, 21824.978060216752, 22179.290866643405, 28.5
22371.87127530401, 22195.960165026383, 22550.16232284025, 29.0
22742.53233885187, 22567.32185076145, 22921.59626897836, 29.5
23113.169833157546, 22938.178850689277, 23292.541669748178, 30.0
23484.013937922242, 23308.75483615807, 23663.789162698537, 30.5
23855.084245007634, 23679.271283514874, 24034.29949737561, 31.0
24226.26601317068, 24050.205350819844, 24405.171540440388, 31.5
24597.614331385645, 24420.7330836204, 24776.645473626435, 32.0
24969.0152637141, 24791.72186250647, 25147.568888020724, 32.5
25339.658268891148, 25162.885665901584, 25518.626726191895, 33.0
25710.50961988782, 25534.053830496337, 25889.21760267856, 33.5
26081.38049401163, 25905.50481150657, 26259.9086134403, 34.0
26452.87214365099, 26276.35885797251, 26631.169683055825, 34.5
26824.222607835145, 26646.97814482328, 27002.58784256116, 35.0
27194.892776723125, 27017.749963596696, 27373.560436190797, 35.5
27565.86132267003, 27389.206144356158, 27744.20488128693, 36.0
27936.973715619908, 27759.792114854874, 28114.785735542588, 36.5
28307.667302717135, 28130.935844435182, 28485.625162391443, 37.0
28679.066476207467, 28501.916710185655, 28856.956622492937, 37.5
29049.682780126965, 28872.79442334245, 29228.213149092997, 38.0
29421.176028894268, 29243.39393743852, 29599.243300838745, 38.5
29792.388322774215, 29614.736155955696, 29970.504766379276, 39.0
30163.291396385255, 29986.041742745587, 30341.668193774414, 39.5
30534.13522946373, 30356.858186989764, 30712.23352502643, 40.0
30904.93403981963, 30727.53129445061, 31083.626747881135, 40.5
31275.968197164555, 31098.812216117614, 31454.984811898947, 41.0
31647.204198476808, 31469.352122156164, 31826.15860790261, 41.5
32018.04385532574, 31840.109916458397, 32196.958049974855, 42.0
32388.60234774038, 32211.52539440578, 32567.570683428676, 42.5
32759.3330915729, 32582.97655900791, 32938.991185277155, 43.0
33130.32595667136, 32953.70888007767, 33310.393597727816, 43.5
33500.86965657284, 33324.75043162616, 33680.92577763973, 44.0
33872.227608561494, 33695.97917079374, 34051.721017285454, 44.5
34242.7331807462, 34066.579119896014, 34422.52736600456, 45.0
34613.52668357374, 34437.92838455464, 34793.82604863468, 45.5
34984.19012404936, 34809.42473497379, 35164.926195777334, 46.0
35355.0353826763, 35180.420169235964, 35535.45316509662, 46.5
35725.58451152093, 35551.4287118088, 35906.72788344815, 47.0
36097.060008006156, 35921.934238803304, 36277.672298991405, 47.5
36468.09740131766, 36292.702652072134, 36648.40045414789, 48.0
36838.59929942585, 36664.077423718605, 37019.15370721762, 48.5
37209.99316531928, 37035.24419939841, 37390.64680285253, 49.0
37581.0962589306, 37406.52052245072, 37761.717033019944, 49.5
37951.68088797083, 37777.73870542737, 38133.04847986807, 50.0
38323.08355135286, 38148.607589978565, 38504.12280950078, 50.5
38694.445529791505, 38519.23269827048, 38875.23835593909, 51.0
39064.98866195361, 38890.27421569398, 39246.52925843226, 51.5
39435.844144691495, 39260.85607819732, 39617.25876051481, 52.0
39807.15231190324, 39632.32846592152, 39988.29785496571, 52.5
40178.38853883623, 40003.4197983592, 40359.73647962283, 53.0
40549.623772041145, 40374.749059310656, 40730.33553962597, 53.5
40921.00577273135, 40745.51761348887, 41101.372644812844, 54.0
41291.712881557105, 41116.28505672024, 41472.40162106017, 54.5
41662.96303977849, 41487.47585542533, 41843.675302142925, 55.0
42034.07492076798, 41858.41263456759, 42214.394327851085, 55.5
42404.84035822607, 42229.16099108463, 42585.412224423686, 56.0
42775.539139644876, 42600.2986674493, 42956.61435921916, 56.5
43146.954153714476, 42970.89756643583, 43328.03688372288, 57.0
43517.620432545446, 43341.88736669424, 43699.305114048046, 57.5
43888.221536307865, 43713.26809026447, 44070.13670210859, 58.0
44259.24531309309, 44084.22277251443, 44440.69230933594, 58.5
44630.13492078647, 44454.97368535596, 44811.675913196545, 59.0
45001.59967615605, 44825.534148999934, 45182.535457006954, 59.5
45372.64196685315, 45196.94687245382, 45553.07263815871, 60.0
45743.587908686306, 45568.34805079001, 45924.386266466885, 60.5
46114.091188343584, 45939.15884036684, 46295.13444323901, 61.0
46484.84844594107, 46309.943827544936, 46665.83212964528, 61.5
46855.999086057906, 46681.253630715786, 47036.55195799975, 62.0
47226.65447507832, 47051.92139535578, 47407.811789308, 62.5
47598.022310413326, 47422.96219457599, 47779.04139255464, 63.0
47968.61739854859, 47794.17812092156, 48150.51710011001, 63.5
48339.57684753886, 48164.67817183983, 48521.126069631195, 64.0
48710.33970873042, 48535.64585557711, 48892.24047246573, 64.5
49081.821056676534, 48906.1685934768, 49263.1281324298, 65.0
49453.06086442318, 49277.3205933503, 49634.319542975194, 65.5
49823.63087720968, 49648.18751219359, 50005.01117142547, 66.0
50194.77051065354, 50018.91638730168, 50376.296901820075, 66.5
50565.29962603815, 50390.28538561825, 50747.16569943422, 67.0
50935.84713649278, 50761.5292633236, 51118.121697524555, 67.5
51306.48473590716, 51132.822671971306, 51489.15633389776, 68.0
51677.78981794503, 51503.74696232357, 51859.974408162765, 68.5
52049.07002498374, 51874.56289431005, 52231.178081565384, 69.0
52420.12333739402, 52245.126998409825, 52602.15970572645, 69.5
52790.80064822374, 52615.757990902304, 52973.408658479035, 70.0
53162.06865987449, 52987.11988681291, 53344.19373678095, 70.5
53532.80641572943, 53358.56234224623, 53715.03144533718, 71.0
53903.39671368913, 53729.30194392798, 54085.66984981959, 71.5
54274.60761037127, 54100.736221085965, 54457.02297463221, 72.0
54645.56182224856, 54471.50336228547, 54828.05727526273, 72.5
55016.40788824248, 54842.211730904695, 55199.192886715646, 73.0
55387.812679302464, 55213.254061989865, 55569.999245288185, 73.5
55758.7499821116, 55583.827271121896, 55941.212423641235, 74.0
56129.91949729922, 55955.223467460346, 56312.44463527755, 74.5
56500.60385822029, 56326.14071345186, 56683.29488240007, 75.0
56871.41124979702, 56697.434638080216, 57054.174931063804, 75.5
57242.50474205779, 57068.129056170765, 57425.326072321775, 76.0
57613.84248198437, 57439.254440867124, 57796.187933634115, 76.5
57984.867308593915, 57810.01955010505, 58167.12120278957, 77.0
58356.34176593121, 58180.940625525946, 58538.56966860916, 77.5
58726.88092647152, 58552.064941561795, 58909.69748202286, 78.0
59097.45110376276, 58922.65413006638, 59281.19136044924, 78.5
59468.251117809166, 59293.29618964843, 59652.01157932704, 79.0
59839.13540810078, 59664.22239974455, 60023.50219739224, 79.5
60210.04933447951, 60034.97848155595, 60394.60493242116, 80.0
60580.9258431326, 60406.21076309357, 60765.48093753942, 80.5
60951.73934964746, 60777.008461717225, 61136.43712841882, 81.0
61322.5932946047, 61148.01609516471, 61507.85014489874, 81.5
61693.93381974116, 61518.85687789571, 61878.88008345294, 82.0
62065.279095925194, 61889.62362652056, 62250.03329877181, 82.5
62435.78088977053, 62260.87204659505, 62620.67015026164, 83.0
62806.65592794615, 62631.80859018939, 62991.94273793501, 83.5
63177.474205752194, 63002.75710148573, 63362.72959462709, 84.0
63548.66691563842, 63373.47564629079, 63734.19846205515, 84.5
63919.56813697719, 63744.54460495078, 64105.22109277155, 85.0
64290.076941401974, 64115.17805811551, 64475.82132483906, 85.5
64661.25401803981, 64485.920328497894, 64846.71765992627, 86.0
65031.76443674497, 64856.91111815099, 65217.46229365228, 86.5
65402.663233915, 65228.25187540825, 65588.8335164354, 87.0
65773.2175056953, 65599.3225612126, 65959.3831398573, 87.5
66144.70829759425, 65970.56811612476, 66329.92917419667, 88.0
66515.61065060599, 66341.82955338943, 66700.67864772049, 88.5
66887.08494602775, 66712.4298573445, 67072.0969224863, 89.0
67257.75020616259, 67083.61444992985, 67442.87315370301, 89.5
67628.61670578989, 67454.18054082483, 67814.05401650151, 90.0
67999.91924277796, 67824.6850145661, 68184.66334064516, 90.5
68370.54323643185, 68195.4056484646, 68556.00278979051, 91.0
68741.22973761488, 68566.41494393734, 68926.83698605123, 91.5
69112.62109520171, 68937.60807980217, 69297.78536984549, 92.0
69484.04412974555, 69308.56842476953, 69668.907599256, 92.5
69854.59269366252, 69679.0980216208, 70039.44712199649, 93.0
70225.53881507495, 70050.20655614011, 70410.06998445102, 93.5
70596.09514303689, 70421.52795363392, 70781.46233444482, 94.0
70966.62213134988, 70792.46150886537, 71152.59910701447, 94.5
71337.24707072307, 71163.77074575162, 71523.49335816341, 95.0
71708.56926785462, 71534.73846447245, 71894.79143964828, 95.5
72079.96332391002, 71905.29467188273, 72265.96291411959, 96.0
72451.41836199236, 72276.45551209265, 72636.46410496686, 96.5
72822.8237522028, 72647.59483265718, 73007.61870171367, 97.0
73193.92868200313, 73018.73179517055, 73378.65811824803, 97.5
73565.38672196488, 73389.87228820096, 73749.62315185647, 98.0
73936.0137416863, 73760.48569040182, 74120.73678958594, 98.5
74307.08250363407, 74131.29752165699, 74492.15987654617, 99.0
74677.73120678928, 74502.50663315754, 74863.11498818122, 99.5
