1623.0668839763428, 1531.93332204305, 1723.7521114614185, 1.0
1999.7467453434253, 1908.6916713107112, 2100.0280389615054, 1.5
2376.2015663245534, 2284.737067516721, 2476.5741373614446, 2.0
2752.4207355229455, 2661.6285457542494, 2852.860093428093, 2.5
3128.79192402496, 3037.659012320102, 3229.586563452515, 3.0
3504.8876404151465, 3414.3879617505086, 3605.9131104327503, 3.5
3881.24600438826, 3791.043325968852, 3982.8749747175198, 4.0
4257.860952807148, 4167.0956490394765, 4359.287828999242, 4.5
4634.405227240926, 4543.709750324266, 4735.937520162025, 5.0
5011.314440545934, 4920.272979425082, 5112.478192967898, 5.5
5387.847210444397, 5296.408602324968, 5489.415712676339, 6.0
5764.173393214047, 5672.991160766407, 5866.375867624068, 6.5
6140.663104265429, 6049.693339613451, 6243.139460935519, 7.0
6516.932535163306, 6426.612249399919, 6619.829854558841, 7.5
6892.954790595481, 6803.525180359, 6995.841498744916, 8.0
7269.880449820504, 7180.378916796424, 7372.78423934792, 8.5
7646.1839505924945, 7556.432569304184, 7749.48668770388, 9.0
8022.878459105289, 7932.4907884646, 8126.340930463286, 9.5
8399.721522966973, 8308.966263889075, 8503.102256064227, 10.0
8776.019349731832, 8685.447870358814, 8879.363518797267, 10.5
9152.36089300372, 9061.551967606703, 9256.078375447256, 11.0
9528.854938468825, 9438.008328815939, 9632.169032904592, 11.5
9905.528622131567, 9814.07970647066, 10009.096565333331, 12.0
10281.772400661383, 10190.418943195968, 10385.66060674574, 12.5
10657.781792272219, 10566.597645322203, 10762.0206451967, 13.0
11033.884440169924, 10943.448282055702, 11138.136945929895, 13.5
11410.478174674674, 11320.205485348524, 11515.123152211294, 14.0
11786.55941618739, 11696.984767217455, 11891.483169972593, 14.5
12163.267395759778, 12073.658456448546, 12268.000554365522, 15.0
12539.401717765704, 12450.323446233815, 12644.766435394038, 15.5
12915.864782659091, 12827.177469813854, 13020.896083727379, 16.0
13292.525455713972, 13203.789245189955, 13397.151750463978, 16.5
13668.63649121998, 13580.38922091422, 13773.46502854281, 17.0
14045.060207466688, 13957.332094577783, 14150.187761188447, 17.5
14421.578908308702, 14334.1883763168, 14526.917523615348, 18.0
14797.816272980888, 14710.4148104957, 14903.239546024175, 18.5
15174.303586873211, 15086.674303809337, 15280.0513474421, 19.0
15551.114810600375, 15462.705167719896, 15656.4646895136, 19.5
15927.803807085375, 15839.22080052258, 16033.349903493057, 20.0
16304.24236141867, 16216.06930811955, 16409.379909349525, 20.5
16680.720210936375, 16593.02838414528, 16785.641144783345, 21.0
17056.891116811566, 16969.96512148584, 17161.86391266362, 21.5
17433.057611396085, 17346.184081596715, 17538.787792013685, 22.0
17810.05453179811, 17723.110028511972, 17914.83385198063, 22.5
18186.48258967762, 18099.811288751782, 18290.923578368467, 23.0
18562.57080727513, 18476.240332633122, 18667.12372729745, 23.5
18939.259218654566, 18853.176363134826, 19043.314949633364, 24.0
19315.698448177518, 19230.08229777629, 19419.627509668077, 24.5
19692.572307106293, 19606.384362080884, 19796.28826190641, 25.0
20069.400576208907, 19983.03147233315, 20173.003177336625, 25.5
20445.729687846295, 20359.147945404697, 20549.10035819284, 26.0
20822.69711766239, 20735.487531953924, 20925.71816869514, 26.5
21199.114956509806, 21112.118232014913, 21302.629077483947, 27.0
21575.97211274702, 21488.34689159524, 21679.155364073118, 27.5
21952.054295258517, 21865.12498217752, 22055.833465503485, 28.0
22328.906444115917, 22241.228086164927, 22432.0535686486, 28.5
22705.00296146323, 22617.698268562028, 22808.75995630437, 29.0
23081.242943698155, 22994.195873561475, 23185.074240035647, 29.5
23457.948289076954, 23370.507780059812, 23561.13069565661, 30.0
23834.43307798124, 23746.95261962741, 23937.927150496493, 30.5
24211.14133741069, 24123.20102459534, 24314.909241503447, 31.0
24587.857731640783, 24499.946801023216, 24691.677398673673, 31.5
24963.873367248307, 24876.93516511344, 25067.711322052055, 32.0
25340.375253094648, 25253.682399787856, 25444.423527990482, 32.5
25716.534372543472, 25630.064972864373, 25821.003716072533, 33.0
26093.495572498905, 26006.929267328745, 26197.213013378834, 33.5
26469.501840503788, 26383.26140756945, 26573.25610667206, 34.0
26846.379550934013, 26759.532093705853, 26949.87038794373, 34.5
27222.774632143413, 27135.575174208556, 27326.48087061017, 35.0
27599.373383881302, 27511.59252333612, 27702.646584366652, 35.5
27975.671438624817, 27888.035257503878, 28079.11904192433, 36.0
28352.22926878753, 28264.229370467154, 28455.506537549452, 36.5
28728.347717170127, 28640.288226022978, 28832.128184178582, 37.0
29104.493082668672, 29017.014830522072, 29208.66485024428, 37.5
29480.660474908178, 29393.324015470665, 29585.60025966741, 38.0
29856.718960469883, 29770.00922396061, 29962.19883623186, 38.5
30233.356741035623, 30146.912922941665, 30338.68327327352, 39.0
30609.635125212306, 30523.82668923504, 30715.222554760756, 39.5
30985.818112712244, 30900.219319857166, 31092.208830534055, 40.0
31362.44992714315, 31276.688464078696, 31469.191973465244, 40.5
31738.801807681353, 31653.626412784335, 31845.436713016676, 41.0
32115.55577088522, 32029.856387689477, 32221.517523520957, 41.5
32492.489089378676, 32406.710183207437, 32597.922522058598, 42.0
32868.71714738167, 32783.45960774331, 32974.6036671718, 42.5
33244.73240659332, 33160.24453159985, 33351.26674417254, 43.0
33621.10438389419, 33536.25353986002, 33727.276209720425, 43.5
33997.47987571994, 33912.56251296515, 34103.394521284696, 44.0
34374.17253051387, 34288.937927251645, 34480.08524821675, 44.5
34750.90785326089, 34665.10984923148, 34856.27933118847, 45.0
35127.86959189779, 35041.33690455646, 35232.57376782361, 45.5
35504.08871062865, 35417.87650562617, 35608.73118594466, 46.0
35880.119140540686, 35794.43695022155, 35985.70558029054, 46.5
36256.92191024708, 36171.204040887, 36362.4059914133, 47.0
36633.7807602131, 36547.516675049555, 36738.73420603047, 47.5
37010.1379493749, 36924.02524886, 37114.80714864719, 48.0
37386.884674214445, 37300.561026266914, 37490.96816481868, 48.5
37763.67738117621, 37676.96798439053, 37867.776831747266, 49.0
38140.63634935283, 38053.66173390748, 38244.229221382, 49.5
38516.85516758234, 38430.00870209363, 38620.45159867695, 50.0
38893.625851256045, 38806.331528743256, 38996.99895568496, 50.5
39270.17441311678, 39183.026259849095, 39373.44862740271, 51.0
39646.97972905532, 39559.78629853658, 39750.12152893098, 51.5
40023.19318770246, 39936.18562517648, 40126.209278802664, 52.0
40400.08156392406, 40313.027773021015, 40502.52809733042, 52.5
40776.18974901068, 40689.183765435206, 40879.004769413805, 53.0
41152.29844829798, 41065.85134537989, 41255.71347772521, 53.5
41529.26572540063, 41442.52448744986, 41632.084138711914, 54.0
41905.72966829421, 41819.440567146434, 42008.79968008675, 54.5
42282.26562477617, 42195.69237827282, 42385.481767566016, 55.0
42658.29006791707, 42572.44084967416, 42762.41249736958, 55.5
43035.08678498512, 42948.76915877463, 43139.322325211106, 56.0
43411.55741546575, 43325.59095471657, 43515.736739623615, 56.5
43788.24883507785, 43702.5842681018, 43891.94248816997, 57.0
44164.65805278531, 44078.94024814157, 44268.73929727117, 57.5
44540.96825926579, 44455.04447441623, 44645.51593496043, 58.0
44917.81638626688, 44831.34722612438, 45022.15225597163, 58.5
45293.86023815003, 45207.94684715989, 45399.08448973447, 59.0
45670.44700967308, 45584.298278019465, 45775.25837422914, 59.5
46046.77995348, 45960.735911877666, 46151.496531820485, 60.0
46423.15225267788, 46337.23476439743, 46527.71619087945, 60.5
46799.556709196746, 46713.32783811966, 46904.56782134031, 61.0
47176.48031797605, 47089.457735578035, 47281.12988649373, 61.5
47553.18700826263, 47465.98702951041, 47658.07856942002, 62.0
47929.365043053986, 47842.60800374038, 48034.398709157, 62.5
48305.55002173605, 48218.63352419792, 48411.28666387394, 63.0
48681.65879985903, 48595.26706216188, 48787.85093639042, 63.5
49057.747211751004, 48971.60285078903, 49163.9399675039, 64.0
49433.79498895483, 49348.3963079839, 49540.773193436034, 64.5
49810.240801996675, 49724.67050002008, 49917.71135154007, 65.0
50187.000670870795, 50100.87214707434, 50293.7363538483, 65.5
50563.568629595145, 50477.100789874836, 50670.408377784246, 66.0
50939.694050061735, 50853.96896055029, 51046.83441979959, 66.5
51316.26156406975, 51230.945325490255, 51423.79505441383, 67.0
51692.54961384016, 51606.99356603905, 51800.70695335152, 67.5
52068.687708438934, 51983.397894650945, 52177.26944775158, 68.0
52445.09987843032, 52359.993113057426, 52553.7292792912, 68.5
52821.163618932485, 52736.53588267611, 52930.03077901234, 69.0
53197.9878529792, 53113.52484125388, 53307.02427106198, 69.5
53574.63636839112, 53489.606743987475, 53683.68801578325, 70.0
53951.427880441675, 53865.75196893906, 54060.58117623235, 70.5
54327.73247143141, 54242.4276868672, 54437.34984364765, 71.0
54704.04473434841, 54618.981653985735, 54813.43863130931, 71.5
55080.72666049591, 54995.86791957676, 55190.0982683214, 72.0
55456.843933499214, 55372.81131664429, 55566.858663334635, 72.5
55833.32101454454, 55749.701973463845, 55943.220400165446, 73.0
56209.54805238736, 56126.58114924181, 56319.47811839424, 73.5
56586.37573244863, 56502.846091963926, 56696.29509902146, 74.0
56963.085020361665, 56879.185548810114, 57072.846622454934, 74.5
57339.884278844314, 57255.625027712544, 57449.54391783334, 75.0
57716.034356587435, 57632.15792446629, 57825.59007735137, 75.5
58092.23190352064, 58008.56820625608, 58202.44932844813, 76.0
58468.63820218219, 58384.738412086845, 58578.54015103208, 76.5
58844.83822264253, 58761.716422495185, 58954.99403167971, 77.0
59221.405781634756, 59138.56381808414, 59331.58604271245, 77.5
59597.848777796695, 59515.553380885256, 59708.20809366932, 78.0
59974.160009379986, 59892.3979340073, 60084.51798911722, 78.5
60350.55805996437, 60268.605267192586, 60461.49405046419, 79.0
60727.28219291357, 60645.58538977533, 60837.7275066126, 79.5
61103.936512903245, 61022.3262581563, 61214.19241560113, 80.0
61480.666737990054, 61398.90912199037, 61590.9417554305, 80.5
61857.3724709582, 61775.83640497607, 61966.96660014152, 81.0
62234.045141472736, 62152.81216486439, 62343.19171413975, 81.5
62610.95521354148, 62529.278694672605, 62719.895433228914, 82.0
62987.30274667463, 62906.10825839674, 63095.92559780926, 82.5
63364.006900431, 63282.78188591391, 63472.07536487014, 83.0
63740.690972745186, 63659.2991202103, 63849.06784345585, 83.5
64117.61926803541, 64035.8207572441, 64225.35211270525, 84.0
64493.63545827982, 64412.75880286948, 64602.29509203104, 84.5
64870.12188696801, 64788.99066014622, 64979.27334729199, 85.0
65246.28096589193, 65165.73018662738, 65355.65240584867, 85.5
65622.75994623269, 65541.77499909837, 65731.75126471043, 86.0
65998.77995490552, 65918.69825427842, 66107.98537015324, 86.5
66375.05261867413, 66295.08652016975, 66484.186518853, 87.0
66751.96905103402, 66671.69419379778, 66860.61998783782, 87.5
67128.34115277331, 67047.83699322389, 67237.02261897712, 88.0
67504.90410866009, 67423.89536261224, 67613.21463691424, 88.5
67881.50255271708, 67800.5504737602, 67989.31706400792, 89.0
68258.04546117806, 68176.64222117994, 68365.76900645113, 89.5
68634.72754597191, 68553.50070304303, 68742.0571579841, 90.0
69011.40834286733, 68930.21683718878, 69118.2843299413, 90.5
69388.32474602315, 69306.38801520626, 69494.31593236337, 91.0
69764.8975493852, 69682.65108881607, 69870.346181143, 91.5
70141.62810109403, 70059.28659143814, 70246.86365800558, 92.0
70517.8273879606, 70435.6461614204, 70623.33031925028, 92.5
70894.42561232614, 70812.44339414405, 71000.13324961886, 93.0
71270.5019342899, 71189.33847275043, 71377.0437740209, 93.5
71647.34641131618, 71565.79356849323, 71753.12661691707, 94.0
72024.10864622038, 71942.67189016612, 72129.99137604491, 94.5
72400.84452853538, 72318.88375586637, 72506.63263457657, 95.0
72777.36894609066, 72695.69652097262, 72883.51786570193, 95.5
73154.2073448222, 73072.10010256026, 73259.98583023688, 96.0
73530.5414864153, 73449.07415742255, 73636.22978256585, 96.5
73907.41466232477, 73825.1253218957, 74012.88237905563, 97.0
74284.13334579112, 74201.28385642041, 74389.23695344517, 97.5
74660.6837827985, 74577.44806521985, 74766.0523895856, 98.0
75037.43712449235, 74954.01045836185, 75142.78655890621, 98.5
75414.42999800532, 75330.29470232205, 75519.09156425719, 99.0
75790.68403369024, 75706.83944715204, 75895.89800741524, 99.5
