1714.2435177627094, 1451.552289449885, 1436.8212222158434, 1.0
2154.999355426169, 1892.919556547398, 1877.8695119541994, 1.5
2595.9629764072324, 2334.1154951088683, 2318.893018980253, 2.0
3036.8053905150473, 2775.276137586442, 2759.779788759255, 2.5
3477.5830866954198, 3216.4733680520317, 3200.287391755281, 3.0
3918.196979601045, 3657.5123008989517, 3640.819983861726, 3.5
4359.372951577076, 4098.955756372863, 4081.667257864277, 4.0
4800.172639494362, 4539.904800822384, 4522.960642721205, 4.5
5241.528661023515, 4981.053486010925, 4964.224922152013, 5.0
5682.0581346593535, 5422.509845515366, 5404.892903102116, 5.5
6122.570947966003, 5863.070448411178, 5845.499147560555, 6.0
6563.859828528979, 6304.306526053761, 6286.792110555668, 6.5
7004.4674695492085, 6745.355780143253, 6728.237842519364, 7.0
7445.899422294052, 7186.539175398121, 7169.670003048969, 7.5
7887.311008267262, 7628.017006120754, 7610.539819092287, 8.0
8328.295837349633, 8069.487384955879, 8051.817584568831, 8.5
8769.385257119562, 8510.977245262933, 8492.812856006578, 9.0
9210.404135309505, 8951.917171884636, 8933.32318824065, 9.5
9651.338215752514, 9392.956816057318, 9373.864054496387, 10.0
10092.312606094838, 9833.96931213864, 9815.212442427222, 10.5
10532.91223973283, 10275.278148954996, 10256.019438325151, 11.0
10973.943690412956, 10716.238236141386, 10697.204992367813, 11.5
11414.771255594365, 11157.266744499739, 11138.58432680704, 12.0
11856.13433335098, 11598.175411710681, 11579.979147183212, 12.5
12296.912622320562, 12039.581296719618, 12020.948244116416, 13.0
12737.896844674655, 12480.892147779312, 12461.98861741236, 13.5
13178.719496086731, 12921.69985630747, 12903.155150737939, 14.0
13619.662840463578, 13362.402770288785, 13344.007529939938, 14.5
14060.87748106079, 13803.155532140643, 13785.286911782454, 15.0
14501.927452422544, 14244.539845771867, 14226.671940262335, 15.5
14942.605972238589, 14685.337948310635, 14668.049810478993, 16.0
15383.84329536636, 15126.507152677292, 15108.706598915149, 16.5
15824.764599545535, 15567.084495675956, 15549.71350851282, 17.0
16266.018239556186, 16008.532445370673, 15990.792346493921, 17.5
16707.111355703022, 16449.469974604726, 16431.738797565406, 18.0
17147.992788810105, 16890.609721768196, 16872.92660455376, 18.5
17588.632531257408, 17331.79605283161, 17314.400567805293, 19.0
18029.533143741348, 17773.200317146508, 17755.540416532174, 19.5
18470.35043580816, 18214.10183020573, 18197.02586199921, 20.0
18911.824696866177, 18654.9314271093, 18637.98353457588, 20.5
19352.83597867496, 19096.023572107642, 19078.961880935658, 21.0
19793.460560645275, 19537.46438477086, 19519.853684094982, 21.5
20234.90798195921, 19978.77227252927, 19960.61454808497, 22.0
20675.798908586767, 20419.83342564556, 20401.938559880557, 22.5
21116.82818917684, 20860.36654057007, 20842.76274711278, 23.0
21558.255321910026, 21301.156006012025, 21283.714692053112, 23.5
21999.354884953475, 21742.38451839255, 21725.094185340193, 24.0
22440.407200293976, 22183.23294192439, 22166.50385723744, 24.5
22880.986722283338, 22624.21829549055, 22607.50770268765, 25.0
23322.325581796755, 23064.959664951573, 23048.778046717278, 25.5
23763.011481179066, 23506.26391861756, 23490.17971846296, 26.0
24204.3939087267, 23947.702489904084, 23931.404167128392, 26.5
24644.90444327109, 24388.732601005464, 24372.631329800737, 27.0
25086.234602951336, 24830.22335656243, 24813.90090663772, 27.5
25527.21205571105, 25270.857994008795, 25255.222821798758, 28.0
25968.250551746456, 25711.775910121974, 25696.21151059508, 28.5
26408.80467321725, 26152.73449370386, 26137.11701192405, 29.0
26849.855934098257, 26593.28046568692, 26577.912524112326, 29.5
27290.433452029163, 27033.974700690327, 27018.558097986563, 30.0
27730.99849830683, 27475.32050496823, 27459.258284827592, 30.5
28172.258841447343, 27916.261184640265, 27899.982809100533, 31.0
28613.56601150276, 28357.600701760435, 28340.713428598763, 31.5
29054.736005209306, 28798.582498375017, 28781.757959334733, 32.0
29495.404221823763, 29239.46543870607, 29222.808701999846, 32.5
29936.01574207808, 29680.861471924687, 29663.867827111037, 33.0
30377.366308476223, 30122.094277577668, 30104.8386147668, 33.5
30817.882792692148, 30562.784246893916, 30545.66909209265, 34.0
31259.313680415864, 31003.581902633425, 30986.33004778641, 34.5
31700.680768568214, 31444.810378645947, 31426.924771332422, 35.0
32141.18960464526, 31885.36936444903, 31868.154023445673, 35.5
32582.015135517628, 32325.964631109786, 32309.511430968483, 36.0
33023.31490307559, 32767.20384456438, 32750.29960674532, 36.5
33464.4493133042, 33208.53131164393, 33191.12767343469, 37.0
33905.53832883322, 33649.47509992029, 33631.672529171025, 37.5
34346.3419705063, 34090.302051178616, 34072.880885495855, 38.0
34786.88109449174, 34531.44020290125, 34514.27039401287, 38.5
35228.02005465147, 34972.26427091468, 34955.52582714092, 39.0
35669.48637847106, 35413.69377321383, 35396.44139281409, 39.5
36110.031479904246, 35854.485776099165, 35836.99259213614, 40.0
36550.73321506569, 36295.44016160629, 36278.13259776573, 40.5
36992.17541811184, 36736.116196686395, 36719.11539871635, 41.0
37433.48273795973, 37176.70217939473, 37160.25200412623, 41.5
37874.414130996716, 37618.009075974085, 37601.64203213729, 42.0
38315.8084599095, 38059.4836668353, 38042.1679700609, 42.5
38756.70825472436, 38500.29073516627, 38483.117252373515, 43.0
39197.539241363986, 38941.09641109588, 38924.26274103539, 43.5
39638.61663440749, 39382.2442112811, 39364.82168642471, 44.0
40079.21656739671, 39823.71321824366, 39805.74655848159, 44.5
40520.56098396318, 40265.027726781234, 40247.18552778779, 45.0
40961.795523741835, 40705.695690598455, 40688.379017814565, 45.5
41402.59882679611, 41146.55083601554, 41129.69044127776, 46.0
41844.097711363705, 41587.26412580863, 41570.28282331687, 46.5
42285.22578494922, 42028.54516638289, 42011.40880184432, 47.0
42726.03463768908, 42469.32842294512, 42451.96017910517, 47.5
43166.800879054535, 42910.15516040672, 42892.56506624702, 48.0
43607.833201774934, 43351.27416577743, 43333.35046119878, 48.5
44048.79592989717, 43792.38350195353, 43774.82805939425, 49.0
44489.395364756, 44233.13315074689, 44216.1711351709, 49.5
44930.31138427326, 44674.48900866479, 44657.38354874762, 50.0
45371.13693951011, 45114.99377936666, 45098.596869013854, 50.5
45812.635300714304, 45556.334275242676, 45539.13871806023, 51.0
46253.18439722611, 45997.08698290084, 45980.26551333181, 51.5
46693.98190521262, 46438.14121157062, 46421.65408137694, 52.0
47134.76852705352, 46878.892452708584, 46863.062452474165, 52.5
47575.51897581234, 47320.226030927966, 47304.21494716098, 53.0
48016.67332991538, 47761.061923289024, 47745.189071154295, 53.5
48457.99928499495, 48202.155156504894, 48185.82192531529, 54.0
48898.872749797, 48643.40174348496, 48626.43973397445, 54.5
49340.35686386481, 49084.75407058262, 49067.06826399005, 55.0
49781.2654783759, 49526.129065247245, 49508.26448706251, 55.5
50222.22537331645, 49966.643035064, 49949.63014876637, 56.0
50663.34001091105, 50407.916583736354, 50390.804559524775, 56.5
51104.19641898544, 50848.707730956885, 50832.01845709779, 57.0
51544.829250337054, 51289.285846501436, 51272.940059405155, 57.5
51986.295154631596, 51730.54142795488, 51714.26462246476, 58.0
52427.09499854452, 52171.89059970018, 52155.104750932296, 58.5
52868.30823457615, 52612.62067235773, 52596.232775767734, 59.0
53308.930319361905, 53053.35009469039, 53037.69278542474, 59.5
53750.36421568553, 53494.76098645247, 53478.29083346922, 60.0
54191.48193442181, 53935.57009020466, 53919.204662763266, 60.5
54632.10389878237, 54376.248076586206, 54359.94219948807, 61.0
55072.97588058591, 54817.37800403404, 54801.171024044816, 61.5
55514.05829905905, 55258.67342288157, 55242.145249348745, 62.0
55954.99795909351, 55700.17268455792, 55682.93261323705, 62.5
56396.00998260442, 56141.074146391984, 56123.7472640351, 63.0
56836.82836971926, 56582.3892858358, 56564.693884378845, 63.5
57277.60006202896, 57022.97640649524, 57005.89721837229, 64.0
57718.16858518828, 57463.83222662902, 57446.96388561276, 64.5
58159.63110730183, 57905.273433616276, 57887.969480160165, 65.0
58601.06330944849, 58346.61358076549, 58329.38339860895, 65.5
59042.45535006868, 58787.907721655916, 58770.4173118719, 66.0
59483.52264571211, 59228.70364497238, 59211.299546761664, 66.5
59924.21366916595, 59669.331238729836, 59652.32202490518, 67.0
60364.71977892964, 60110.29204650899, 60093.09149494024, 67.5
60805.56431394503, 60551.42327976912, 60533.92576187399, 68.0
61246.33987815968, 60991.957885682124, 60974.93149258906, 68.5
61687.06578448562, 61432.89189946571, 61415.811145463165, 69.0
62128.351103872985, 61873.448440927925, 61856.73981778981, 69.5
62568.88075482362, 62314.55655374778, 62298.011856879006, 70.0
63009.73553223412, 62755.29128400826, 62738.536659526406, 70.5
63450.778364161524, 63196.16232595788, 63179.996834485224, 71.0
63891.991541111915, 63637.24899303382, 63620.72148086412, 71.5
64333.06687736833, 64077.96881337487, 64061.79320368073, 72.0
64774.05371992325, 64518.610261674374, 64502.69804555731, 72.5
65215.32658348138, 64959.83402518515, 64943.42640760025, 73.0
65656.588489101, 65400.57123882604, 65384.292406650035, 73.5
66097.90100898505, 65841.61223709618, 65825.35793368607, 74.0
66538.77939572281, 66282.75393528, 66266.16187517367, 74.5
66979.39973604516, 66723.8140014457, 66707.2244776031, 75.0
67419.92389057908, 67165.27486361297, 67147.84915238479, 75.5
67860.48097589004, 67606.72257834952, 67588.77469450158, 76.0
68301.25092313587, 68048.05634612183, 68029.88707650942, 76.5
68742.32946944413, 68489.19175587401, 68471.38387007253, 77.0
69182.89242563133, 68930.53039191679, 68912.31945528895, 77.5
69624.24611945573, 69371.75402199542, 69353.23774751634, 78.0
70064.90954201258, 69812.73621335012, 69794.09442761967, 78.5
70506.23050738261, 70253.60121225007, 70234.97041462417, 79.0
70947.72390228363, 70694.93794634311, 70676.34139777486, 79.5
71388.80221229483, 71135.64679002039, 71116.97577325106, 80.0
71829.50769416719, 71576.22756457955, 71557.96218676172, 80.5
72270.83235384608, 72017.06657430649, 71999.30619766733, 81.0
72711.71730261673, 72457.82022937856, 72440.77686043123, 81.5
73152.8745972941, 72898.95074061104, 72881.60193906468, 82.0
73594.24155497247, 73339.74786941073, 73322.95018669179, 82.5
74034.76092603408, 73780.62441004055, 73763.94468629344, 83.0
74475.86223660843, 74221.41985612044, 74205.44387912287, 83.5
74916.44133159572, 74662.6890182196, 74646.01560308409, 84.0
75357.14454106864, 75104.0795820793, 75087.34853021134, 84.5
75798.2847996141, 75544.99257391373, 75528.04021427328, 85.0
76239.61857160367, 75986.21410474309, 75968.82270429259, 85.5
76680.75167431044, 76427.62891260973, 76409.5581947125, 86.0
77122.01202630036, 76868.28616083892, 76850.37510358817, 86.5
77563.16050445054, 77309.18302959215, 77290.96513043142, 87.0
78003.91723263745, 77750.12695821453, 77732.354954306, 87.5
78444.64545250965, 78191.06592695431, 78173.21610538382, 88.0
78885.64654103538, 78632.30365529207, 78614.31909416345, 88.5
79326.76501612361, 79072.81914825393, 79055.16948056003, 89.0
79768.06596610468, 79514.2647686768, 79496.40600936186, 89.5
80209.34368666646, 79955.00825699477, 79937.08875358055, 90.0
80650.73090264738, 80396.29520006057, 80378.52571344438, 90.5
81091.45190594169, 80836.98368826824, 80819.89956368989, 91.0
81532.23271537147, 81278.34444645025, 81261.11393343602, 91.5
81973.18322992657, 81719.06490979542, 81702.23985063541, 92.0
82414.27067373323, 82159.913739253, 82142.83797809658, 92.5
82855.31701741049, 82601.30970438659, 82584.01360521954, 93.0
83296.32608309598, 83042.74399738548, 83025.0571647291, 93.5
83737.61024637728, 83483.29653644931, 83465.5610725693, 94.0
84178.73377270348, 83924.48106341268, 83906.88138971089, 94.5
84619.72846785607, 84365.19079590199, 84347.41146733594, 95.0
85060.81375825567, 84806.28660183342, 84787.9623969203, 95.5
85502.2793180847, 85247.12705715724, 85228.71031433438, 96.0
85943.68568315657, 85687.82399971948, 85670.07063587036, 96.5
86385.11902652904, 86128.73279072327, 86110.62642982716, 97.0
86825.73820224052, 86569.39148296026, 86551.68706647097, 97.5
87266.31094361833, 87010.43762363105, 86992.24664844493, 98.0
87707.37120998587, 87451.15051581628, 87433.30425600264, 98.5
88148.33008991803, 87891.81851835639, 87874.75279378751, 99.0
88588.93192635839, 88332.87438249124, 88315.9663061666, 99.5
