1808.0734266548022, 1390.7383628337789, 1757.3439841546037, 1.0
2257.447767086991, 1840.477965315485, 2207.0294479704244, 1.5
2707.0464945824306, 2290.4540466941694, 2656.7323635546854, 2.0
3156.3893242213926, 2739.833995549684, 3106.3660015717664, 2.5
3606.0813401137166, 3189.055991823196, 3556.1750264199086, 3.0
4055.5283613899896, 3638.828393351967, 4005.2660989010765, 3.5
4504.845959984164, 4087.846182737233, 4454.683040125734, 4.0
4954.099978710136, 4537.193095779676, 4903.903672122826, 4.5
5403.951639039895, 4986.8282982564215, 5353.253465576292, 5.0
5853.449091609627, 5436.013056884582, 5803.195758820953, 5.5
6303.354539449176, 5885.58442151337, 6252.34915264426, 6.0
6753.3076649474315, 6334.801077103323, 6701.4041093585465, 6.5
7202.726149270615, 6784.178472003593, 7151.25429407422, 7.0
7651.872684527852, 7233.2394147053365, 7600.6958069084185, 7.5
8100.914064045651, 7682.902374985372, 8050.183775603226, 8.0
8550.788243460403, 8132.837732737757, 8499.41803115642, 8.5
9000.575158843389, 8582.337148780312, 8949.368481604379, 9.0
9449.654590818725, 9031.793624495156, 9399.348781810917, 9.5
9898.710446421353, 9481.098099464729, 9848.658443666418, 10.0
10348.07229083611, 9931.090698108828, 10297.84940806557, 10.5
10797.896004805563, 10380.357510231368, 10747.723910828408, 11.0
11247.042765729579, 10829.45799303361, 11197.709960142705, 11.5
11696.056005329749, 11279.1000994139, 11646.913715581024, 12.0
12145.634632923686, 11728.417815462566, 12096.537914016651, 12.5
12595.312482550602, 12178.1675774181, 12545.659654293186, 13.0
13045.141714553687, 12627.406327587927, 12995.253026419505, 13.5
13494.951293502874, 13077.178116803485, 13444.783669231612, 14.0
13944.448918785974, 13526.332278728962, 13894.663056372648, 14.5
14394.043651121752, 13976.103844729763, 14344.6293329314, 15.0
14843.743963577515, 14425.40402506788, 14794.109852014297, 15.5
15292.916607990508, 14874.681325671785, 15243.967176017257, 16.0
15742.584907050687, 15323.848280262899, 15693.488793865796, 16.5
16191.993784202778, 15773.664433533828, 16143.32041074453, 17.0
16641.34684024489, 16222.747707987475, 16592.50853933145, 17.5
17090.911250338504, 16672.11193936874, 17041.543780395383, 18.0
17540.655928941746, 17121.72647429803, 17490.87013584316, 18.5
17989.686201043478, 17571.081034156738, 17940.45598864321, 19.0
18438.74966141684, 18020.18813390897, 18389.497196747394, 19.5
18887.78103737142, 18469.800261070857, 18839.210747751164, 20.0
19337.41939033721, 18919.118759733432, 19288.565270819225, 20.5
19786.431021033044, 19368.925253075675, 19738.093760796157, 21.0
20235.62090700446, 19818.03960740455, 20187.371535903985, 21.5
20685.005518745707, 20267.739368414965, 20636.443829027892, 22.0
21134.78364116558, 20716.9755829396, 21085.5978476239, 22.5
21584.40795842499, 21166.123638227215, 21535.58482344992, 23.0
22034.08577766964, 21615.855836127757, 21985.13316944287, 23.5
22483.963995134713, 22065.70916688218, 22434.68324992612, 24.0
22933.10630071337, 22515.37482929058, 22884.67765099828, 24.5
23382.350599123998, 22965.074290165452, 23333.789083754924, 25.0
23832.175517841908, 23414.611868840773, 23783.349871460214, 25.5
24281.76041515746, 23864.138346123935, 24233.012391058954, 26.0
24731.37640312463, 24313.430795869106, 24682.881582472583, 26.5
25180.502095052154, 24763.17552107533, 25132.305826415413, 27.0
25629.603712333163, 25212.452149521294, 25581.796985826702, 27.5
26078.73899913927, 25662.078759884625, 26031.748548451324, 28.0
26528.457651869587, 26111.631474572267, 26481.342307694704, 28.5
26977.945426344686, 26561.39706505937, 26931.042252244875, 29.0
27427.45471823087, 27011.14440876349, 27380.688427097877, 29.5
27876.528803680954, 27460.288651805942, 27830.07604594748, 30.0
28325.843338382634, 27909.980857752318, 28279.547603514082, 30.5
28775.52645461688, 28359.696379714438, 28729.499571068634, 31.0
29225.061631624238, 28808.962288166967, 29179.479449039056, 31.5
29674.39475484273, 29258.711936447766, 29628.721510509356, 32.0
30123.79456549529, 29708.35237861245, 30078.637758512465, 32.5
30573.738684730968, 30158.315832018085, 30528.14487134709, 33.0
31023.48183366249, 30608.06359351918, 30977.656294867495, 33.5
31473.22329315842, 31057.448037309663, 31427.106577649793, 34.0
31922.541308759784, 31506.58556510883, 31877.042203069977, 34.5
32372.07677715291, 31956.097557471974, 32326.743932735866, 35.0
32821.355272200555, 32405.19878435242, 32776.3708993365, 35.5
33270.60710547281, 32854.37855321559, 33225.87242779402, 36.0
33719.99616630353, 33304.30579795838, 33675.36350120619, 36.5
34169.929107341966, 33754.08355659421, 34125.02472511802, 37.0
34619.502255068415, 34203.234289741325, 34574.891741219755, 37.5
35068.65203243773, 34653.04796553492, 35024.863080946365, 38.0
35518.53109642529, 35102.91706324871, 35474.64814623007, 38.5
35968.01970083321, 35552.69348458338, 35924.357498811114, 39.0
36417.66239477728, 36002.17458245833, 36373.98041916122, 39.5
36867.42925018001, 36451.28729669603, 36823.62485073128, 40.0
37317.34775543151, 36900.37707324175, 37273.62132403874, 40.5
37767.22994885235, 37349.83096930531, 37723.20083375752, 41.0
38216.64901794688, 37799.0726659725, 38172.53025184798, 41.5
38666.60075335131, 38248.14679250766, 38621.99479573951, 42.0
39115.87706547102, 38697.78028901909, 39071.93632969337, 42.5
39565.501479406026, 39146.99651593885, 39521.91301191038, 43.0
40014.90522699769, 39596.8463979126, 39971.804582720026, 43.5
40464.21332764077, 40046.007298471246, 40421.760991083196, 44.0
40914.08557596191, 40495.22479833092, 40871.639705370515, 44.5
41363.90188321821, 40944.4247013805, 41320.74264283707, 45.0
41813.47831705415, 41393.74378185975, 41769.94202511706, 45.5
42262.481751299885, 41843.044493972375, 42218.96186956204, 46.0
42711.52833445681, 42292.26697430574, 42668.47035911895, 46.5
43161.13120854136, 42741.62268355778, 43117.6817521724, 47.0
43610.6636853635, 43191.22325896529, 43567.08596075208, 47.5
44060.161894136865, 43640.820165572215, 44017.053719684285, 48.0
44509.25970222605, 44090.674585723005, 44466.858251775804, 48.5
44958.66874484018, 44540.31060407162, 44916.750167373764, 49.0
45408.448963059695, 44990.08826000674, 45365.83624672632, 49.5
45857.68441290317, 45439.24068967012, 45815.81242497662, 50.0
46306.90020967181, 45888.64930136788, 46265.52803010368, 50.5
46756.73871642224, 46337.92560594653, 46715.42886146224, 51.0
47206.077475341, 46787.78783314118, 47164.575791407806, 51.5
47656.00107878681, 47236.82343892668, 47614.45108766422, 52.0
48105.38745520005, 47686.48866138559, 48064.25510258734, 52.5
48555.32686907961, 48136.38310206503, 48514.06126668406, 53.0
49004.42841551511, 48586.356348381814, 48963.480739196246, 53.5
49453.65071420761, 49035.62429971709, 49413.22935696391, 54.0
49903.64996837018, 49485.23804348116, 49863.130212570264, 54.5
50353.19173154911, 49934.771605384594, 50312.18439897262, 55.0
50802.93680129679, 50384.71815709721, 50761.224843032556, 55.5
51252.516441616506, 50834.258524697805, 51210.258530235165, 56.0
51702.483225416436, 51283.9585440934, 51659.35785909279, 56.5
52152.46343615242, 51733.10390869765, 52108.94527069998, 57.0
52601.62848709588, 52182.36775557696, 52558.89587125367, 57.5
53051.45160399731, 52631.38232471934, 53008.69912578723, 58.0
53501.096286393804, 53081.30510593936, 53457.75487213959, 58.5
53950.58199809155, 53530.33283407159, 53907.364735219235, 59.0
54399.830570511294, 53980.330496650764, 54356.749197153185, 59.5
54849.826753358655, 54430.30456932238, 54806.55796629203, 60.0
55298.97973229447, 54880.29701461653, 55256.41720552922, 60.5
55748.71389954677, 55330.268889324485, 55705.99010963449, 61.0
56198.19156763559, 55780.09974520942, 56155.37447698718, 61.5
56647.638238107196, 56229.24954037912, 56605.25448110262, 62.0
57096.684590186196, 56678.570565612456, 57054.779627382755, 62.5
57546.34360057059, 57127.844409816076, 57504.643087220036, 63.0
57996.100387175575, 57577.04405139468, 57954.14064183261, 63.5
58445.84850715415, 58026.50876034812, 58403.568400760494, 64.0
58895.30901897577, 58475.67988268884, 58853.26127717599, 64.5
59344.82829653272, 58925.404161148384, 59302.66356000317, 65.0
59794.4116556261, 59375.20039345698, 59751.68496242015, 65.5
60243.501431073324, 59824.933253195326, 60200.98374961038, 66.0
60692.6319223027, 60274.40651614735, 60650.867856385645, 66.5
61141.68011284355, 60724.36255240137, 61100.52175205709, 67.0
61591.053119496544, 61173.446274427966, 61549.8190176831, 67.5
62040.3902294913, 61623.31563250594, 61999.42897355443, 68.0
62490.259288972855, 62072.82413383389, 62448.64452515278, 68.5
62939.85923425899, 62521.953793889006, 62898.247855154696, 69.0
63389.19783739557, 62970.96757770266, 63348.04503165522, 69.5
63838.23431118018, 63420.57720110091, 63797.219434137245, 70.0
64288.15711720879, 63870.11518509819, 64246.687398687856, 70.5
64737.76003592429, 64320.067480459984, 64696.37025872905, 71.0
65186.816010081806, 64769.99854990254, 65145.99223649983, 71.5
65636.59502484517, 65219.23182389419, 65595.34613351256, 72.0
66086.05956259198, 65668.44673161666, 66045.11863445672, 72.5
66535.43936522685, 66117.98298677466, 66494.93019673454, 73.0
66985.1682174852, 66567.01069390847, 66944.90689057027, 73.5
67434.37873027258, 67016.18929281294, 67394.24999709205, 74.0
67884.20818208206, 67465.76993546312, 67844.10342533582, 74.5
68333.88190394532, 67915.39874011453, 68293.51886664022, 75.0
68783.45391447331, 68364.47371715771, 68743.44222750787, 75.5
69233.1880562131, 68814.45714786774, 69193.1731373075, 76.0
69682.80130054706, 69263.65889989502, 69642.4748502652, 76.5
70132.44667338938, 69712.95630452957, 70091.63986013256, 77.0
70581.49941950319, 70162.86492415956, 70541.34562329316, 77.5
71030.74384030902, 70612.40584744298, 70991.13597006406, 78.0
71479.94156901687, 71061.57763930105, 71440.25312677209, 78.5
71929.36688729918, 71511.56682530134, 71889.70519577063, 79.0
72378.54779045006, 71961.01642051607, 72339.67717795585, 79.5
72828.33290580851, 72410.51481777725, 72788.89410875656, 80.0
73277.60813769235, 72859.89000947314, 73238.53724226194, 80.5
73726.95281964146, 73308.90418813334, 73687.62474729796, 81.0
74176.18961702756, 73758.48928817543, 74137.5330304775, 81.5
74625.59581440996, 74208.24487158236, 74586.92421499235, 82.0
75075.34196871927, 74657.90343466186, 75036.67470264308, 82.5
75524.941450321, 75107.41880601346, 75485.77499185622, 83.0
75974.75575980147, 75556.8561583067, 75935.55737853597, 83.5
76423.93089046846, 76006.5487279945, 76385.457791609, 84.0
76873.21840555886, 76456.50207922542, 76834.67601930056, 84.5
77322.36808493936, 76905.58389486573, 77284.22632538962, 85.0
77772.29974955952, 77355.07604646707, 77734.18962643386, 85.5
78221.67495647552, 77804.42776482548, 78183.31195357886, 86.0
78671.42279779962, 78253.79693558803, 78633.25941853356, 86.5
79120.84796066725, 78703.08570450479, 79082.43521720472, 87.0
79569.975806837, 79152.38109202478, 79531.99481229064, 87.5
80019.31691136636, 79601.94386525352, 79981.83966466493, 88.0
80468.70122529642, 80051.80750241279, 80431.64750204097, 88.5
80918.44168422309, 80501.52219264938, 80880.86487905774, 89.0
81367.8083929571, 80951.42294363874, 81330.2394569233, 89.5
81816.97189256523, 81400.68088243986, 81780.08557778649, 90.0
82266.24034142173, 81850.07402651728, 82229.38086647095, 90.5
82715.48748840827, 82299.93564367271, 82678.75072251324, 91.0
83165.14711050563, 82749.55258650461, 83128.3887204564, 91.5
83614.36977263035, 83198.81914322985, 83577.94105747854, 92.0
84063.71146601217, 83648.72253488464, 84027.0110832933, 92.5
84513.46945250922, 84098.41589470007, 84476.4936595646, 93.0
84963.15414099701, 84547.98202734983, 84925.66102953628, 93.5
85413.01608107422, 84997.14114429765, 85375.55628252687, 94.0
85862.59324862016, 85446.22316979147, 85825.4160793394, 94.5
86311.69396498337, 85895.93721004389, 86275.33979469554, 95.0
86760.83394328496, 86345.01855059195, 86724.53862055071, 95.5
87210.33808917782, 86794.88263699699, 87173.70028581342, 96.0
87660.16534788982, 87244.37679833344, 87623.10332603751, 96.5
88109.57955677668, 87693.99469640444, 88072.47766961361, 97.0
88559.08626462265, 88143.90298014373, 88521.78666273066, 97.5
89008.74534052759, 88593.80591732734, 88971.17027396467, 98.0
89458.55848171738, 89042.93373581069, 89420.44779395238, 98.5
89908.32272178298, 89492.90803243777, 89869.70920393293, 99.0
90358.24414173015, 89942.21167265548, 90318.84317657512, 99.5
