1754.27149111326, 1630.898576905639, 1745.3690786686923, 1.0
2175.6462134079547, 2052.4486672242715, 2167.210588621473, 1.5
2597.6390196442762, 2474.3772079697983, 2589.148897170535, 2.0
3018.6934093623704, 2895.618508621002, 3011.094914208831, 2.5
3440.2562781736724, 3316.763249727419, 3432.7161822214325, 3.0
3862.191718551258, 3737.994495449101, 3854.069522598291, 3.5
4283.364735819381, 4159.97152249257, 4275.273441668285, 4.0
4704.623235277796, 4581.05056370774, 4696.374892176057, 4.5
5125.63910537766, 5002.0545406201645, 5117.902311655927, 5.0
5546.936843564159, 5423.42227804469, 5539.4815744938805, 5.5
5968.251670324599, 5845.163780784941, 5960.725043438862, 6.0
6389.748697606603, 6266.5333908450075, 6382.465688259287, 6.5
6811.199775121494, 6687.811135423676, 6804.395804439476, 7.0
7232.98057955196, 7109.15763623531, 7226.070476059665, 7.5
7654.484180289981, 7530.1984581406405, 7647.282351350271, 8.0
8076.140506696493, 7951.209968953616, 8068.321204947942, 8.5
8497.40773327593, 8372.690724906333, 8489.323641880475, 9.0
8919.386331670034, 8794.679898984303, 8911.1013352673, 9.5
9341.24121188316, 9216.5909837564, 9332.947710587285, 10.0
9762.660653159432, 9637.748777093644, 9754.384488882146, 10.5
10184.305728116631, 10059.590372050234, 10176.145207839469, 11.0
10605.378713317537, 10480.741176532525, 10597.541695096044, 11.5
11026.638370547818, 10902.080906931616, 11019.331001712999, 12.0
11448.170951331773, 11323.728578463853, 11441.326777084232, 12.5
11869.633101415184, 11745.312346675077, 11863.315784565944, 13.0
12291.19873602012, 12167.120741929262, 12285.083205072942, 13.5
12712.628471476204, 12588.39911001578, 12706.650585821812, 14.0
13133.92092476051, 13009.78560177945, 13127.660278082765, 14.5
13555.89251383935, 13431.738862021037, 13548.73204198824, 15.0
13977.099068830074, 13853.018229894587, 13970.053168051538, 15.5
14398.394100630296, 14274.36872310127, 14391.648496076044, 16.0
14819.558678628366, 14695.489235022109, 14813.362545259995, 16.5
15240.744781569589, 15117.281334049576, 15234.535992754554, 17.0
15662.729046829038, 15538.391907071531, 15656.003496058338, 17.5
16084.58743135606, 15960.212839571752, 16077.78819222746, 18.0
16506.29244763896, 16382.14159894914, 16498.974747158438, 18.5
16928.14319964329, 16804.07329172758, 16920.07144349201, 19.0
17349.745356563057, 17225.943578263992, 17341.944259250355, 19.5
17771.731002000277, 17647.217528724046, 17763.651561565566, 20.0
18193.052825679693, 18068.552349873047, 18185.547041923845, 20.5
18614.283887242276, 18489.877539540998, 18607.385275114713, 21.0
19035.918135509288, 18911.422616515203, 19029.177915439155, 21.5
19457.914615761703, 19332.836601235686, 19450.766469806546, 22.0
19878.94311295073, 19754.486426205687, 19871.7811709851, 22.5
20300.26641106202, 20175.93007890124, 20292.977178197783, 23.0
20721.912006343257, 20597.912724108526, 20714.60115779548, 23.5
21143.20710137946, 21019.804023581877, 21136.55321122867, 24.0
21564.530380368637, 21441.536459639992, 21558.526772929665, 24.5
21986.476051018988, 21863.08772041629, 21980.21627200099, 25.0
22407.913717121948, 22284.332746978926, 22401.37674933468, 25.5
22829.666438531116, 22705.337877781665, 22822.934187386185, 26.0
23250.9598810952, 23127.170618173448, 23244.51552152596, 26.5
23672.708405912097, 23548.39921914117, 23665.58353773019, 27.0
24093.791190440857, 23970.106209038673, 24087.057139900196, 27.5
24514.951486331986, 24391.396131782112, 24508.331018078163, 28.0
24936.0763990744, 24812.865773111156, 24929.51498676583, 28.5
25357.86733283774, 25234.134285793214, 25351.14576129202, 29.0
25778.96893319346, 25655.252224049855, 25772.875010605658, 29.5
26200.37106161479, 26076.672871462844, 26194.589370967475, 30.0
26621.599361488847, 26498.531792896898, 26615.910578083138, 30.5
27043.338552530317, 26919.62853365019, 27036.955660500804, 31.0
27465.008918751297, 27341.04865427128, 27458.732086440526, 31.5
27886.117110209383, 27762.90896702765, 27880.09661983934, 32.0
28308.040418106182, 28184.085632496382, 28301.666755894566, 32.5
28729.96516409566, 28605.988498038318, 28723.35751221625, 33.0
29151.94668117663, 29027.260052730973, 29144.876408526754, 33.5
29573.010790971635, 29448.38406539217, 29565.912823667124, 34.0
29994.477249866577, 29870.267794255262, 29987.128389679005, 34.5
30416.320867669783, 30291.876356785026, 30408.29504147452, 35.0
30837.94637618487, 30713.61539908921, 30829.4674531027, 35.5
31259.240311080575, 31135.614740371086, 31251.070932769562, 36.0
31681.134112722684, 31556.80465718844, 31672.3739462012, 36.5
32102.234645359273, 31978.690019830126, 32093.89917410064, 37.0
32523.40302361464, 32400.306820114223, 32515.586272457567, 37.5
32944.76182675801, 32821.73569726023, 32937.36020815365, 38.0
33366.053250500154, 33242.987472612534, 33358.471870848094, 38.5
33787.552567487226, 33664.00019939197, 33779.52529120682, 39.0
34208.63020749611, 34085.8766551469, 34201.104427650884, 39.5
34629.756877954525, 34507.775201166485, 34622.78628761685, 40.0
35051.026990732935, 34928.87835625223, 35043.83716353398, 40.5
35472.31631438798, 35350.17918434738, 35465.592975087835, 41.0
35893.618620097914, 35771.635806815415, 35886.92512775293, 41.5
36314.971424673, 36193.56637284584, 36308.271230371465, 42.0
36736.20749005439, 36614.712923405146, 36729.90603102083, 42.5
37157.66826845006, 37035.814945446706, 37151.103513503345, 43.0
37579.43638243415, 37457.36488624354, 37572.458729920014, 43.5
38000.572732305714, 37879.109171002005, 37993.64339866766, 44.0
38421.64848313635, 38300.168656015536, 38415.140371231064, 44.5
38842.93944914703, 38721.384371772074, 38836.2571108242, 45.0
39264.0293039456, 39142.7355488868, 39257.979196027874, 45.5
39685.49784508276, 39564.58672452499, 39679.63650463016, 46.0
40107.1011865526, 39985.926462660325, 40101.12555641225, 46.5
40528.674929184, 40407.04334850319, 40522.23894912721, 47.0
40949.79472687319, 40828.20261436803, 40944.18531853724, 47.5
41371.61383002402, 41249.90931442827, 41365.38688082293, 48.0
41793.54725312913, 41671.53435618312, 41786.8637631949, 48.5
42214.87569102165, 42092.55428170701, 42208.85632561098, 49.0
42635.92865065818, 42513.973901262754, 42630.5004533709, 49.5
43057.26752476057, 42935.96611784723, 43051.833215515915, 50.0
43478.43820952503, 43357.1703133105, 43472.96933028915, 50.5
43900.06260661156, 43778.44599529467, 43894.23270701281, 51.0
44321.27479274095, 44199.613747971314, 44315.52116142285, 51.5
44742.397842278115, 44620.809480612406, 44737.026865702435, 52.0
45163.95865915111, 45042.56680227835, 45158.37139495709, 52.5
45585.381168371685, 45463.949642746986, 45579.51534459413, 53.0
46007.236280998295, 45885.62413543619, 46000.7026150957, 53.5
46429.09814009034, 46306.94854891538, 46422.50746056296, 54.0
46851.09596195485, 46728.81022841518, 46843.98848056325, 54.5
47272.682063089705, 47150.25466419082, 47265.47254804535, 55.0
47694.598969470506, 47572.05547885408, 47687.19862262786, 55.5
48116.447236842716, 47993.69779813148, 48108.919248255486, 56.0
48537.93399632862, 48414.72903159052, 48530.30469151825, 56.5
48959.0468805249, 48836.199648272006, 48951.339546662726, 57.0
49380.62139560585, 49257.60814357963, 49372.55126571476, 57.5
49802.549896583, 49679.42726489342, 49793.94592925461, 58.0
50224.075755600534, 50100.69816371392, 50215.28780867565, 58.5
50645.95615777403, 50522.61882329622, 50636.73541388879, 59.0
51067.29075931428, 50944.590340179835, 51058.13105737641, 59.5
51488.568633347204, 51366.163937516125, 51479.655879036625, 60.0
51910.38645298583, 51787.48380491642, 51900.907860142834, 60.5
52332.0697789168, 52208.993193754824, 52322.82315399905, 61.0
52753.366816513524, 52630.59557597392, 52744.735792785905, 61.5
53175.31064499198, 53051.819511605165, 53166.628915463414, 62.0
53597.19139071477, 53473.68086821141, 53587.84149628109, 62.5
54019.02057691453, 53895.63653559177, 54009.50689474439, 63.0
54440.872903693424, 54316.65105628459, 54430.77375640391, 63.5
54862.37904999003, 54737.65528305259, 54852.173002454765, 64.0
55283.71496251796, 55158.969219983366, 55274.12459764425, 64.5
55705.31725359647, 55580.532954777096, 55695.211368728946, 65.0
56126.42150874956, 56002.20341765842, 56117.19977721955, 65.5
56547.44855468356, 56423.887828445375, 56538.23709979321, 66.0
56968.927015897854, 56845.01886946478, 56959.99502885308, 66.5
57390.01733726413, 57266.75543959717, 57381.77960424182, 67.0
57811.22303594374, 57687.78950255098, 57803.15367446785, 67.5
58232.30609479849, 58109.04929606027, 58224.495912547245, 68.0
58653.40517161699, 58530.89040782545, 58645.61399150534, 68.5
59075.33403201798, 58952.17333776787, 59066.653782317095, 69.0
59496.463040638126, 59373.20457620972, 59488.64860140839, 69.5
59918.17145943564, 59794.606703117606, 59910.52603150083, 70.0
60339.65665424949, 60216.13594506118, 60331.82816698869, 70.5
60761.39197133077, 60637.14612927441, 60753.82576391243, 71.0
61183.14891564155, 61058.7006418502, 61174.88085525964, 71.5
61604.40787689587, 61479.80412693897, 61595.97124442096, 72.0
62025.47499849965, 61901.65634409466, 62017.7105445155, 72.5
62447.2661349134, 62323.57369589698, 62439.03428331883, 73.0
62868.715406487885, 62745.46910314568, 62860.21811207711, 73.5
63289.77205657399, 63167.35564710242, 63281.40136920547, 74.0
63711.35775805025, 63588.81383355037, 63702.58369128292, 74.5
64133.1141404152, 64010.07860788124, 64124.160441360385, 75.0
64554.15321547305, 64431.12177495338, 64545.26379044373, 75.5
64975.93940007876, 64852.73769991757, 64966.5000249153, 76.0
65397.44545932127, 65274.22877221659, 65387.73583861833, 76.5
65819.2019757104, 65695.31563850085, 65808.874857785, 77.0
66240.5979245534, 66116.6015644299, 66230.68812288267, 77.5
66662.23529168684, 66538.40282525544, 66652.2576790685, 78.0
67083.38296294137, 66960.15037571835, 67074.135076027, 78.5
67505.03031079881, 67381.52792464015, 67496.09247107866, 79.0
67926.18531064452, 67803.52463524671, 67917.60375802749, 79.5
68347.82744980256, 68225.26993884069, 68339.56039958428, 80.0
68769.19434701664, 68646.7130862227, 68761.0137883814, 80.5
69190.91978043248, 69067.89471067031, 69182.55867367239, 81.0
69612.03588338234, 69489.07453544998, 69604.47038799369, 81.5
70033.9989377483, 69910.59284812999, 70025.79873779746, 82.0
70455.53568326712, 70332.11366680065, 70447.172100834, 82.5
70876.94212725948, 70753.43850460384, 70868.68636526258, 83.0
71298.11880615576, 71174.6067192167, 71290.11752501025, 83.5
71719.7614857813, 71596.44828717288, 71711.28828791762, 84.0
72141.38408177804, 72017.72363113516, 72133.25279497053, 84.5
72563.26896720548, 72439.66857364001, 72555.12453014997, 85.0
72985.09881179668, 72860.83151134853, 72977.06668208142, 85.5
73406.66560635429, 73282.37704287485, 73398.46938347978, 86.0
73828.29693345923, 73703.48318270687, 73820.332425102, 86.5
74249.32756871196, 74124.73689344265, 74242.01123854659, 87.0
74670.41384034436, 74546.69954710954, 74663.99143722703, 87.5
75091.77666789244, 74968.17059950158, 75085.46667768479, 88.0
75513.03495551346, 75389.61162225436, 75506.87979868612, 88.5
75934.6988001023, 75811.48768442892, 75928.75038478964, 89.0
76355.77160551105, 76232.93883861604, 76350.7008806781, 89.5
76777.54965146317, 76654.2904893615, 76771.93874931768, 90.0
77198.96418448778, 77075.61780855438, 77193.77632829598, 90.5
77619.99176499047, 77496.72725654952, 77615.49967768832, 91.0
78041.30980823255, 77917.8498349768, 78037.46754209457, 91.5
78462.4570864058, 78339.78803868536, 78458.66972237726, 92.0
78883.86366689231, 78761.22487840371, 78880.06352241934, 92.5
79305.05643051643, 79182.94297403237, 79301.54415936486, 93.0
79726.52941434462, 79604.475741666, 79723.16299889995, 93.5
80147.91813325774, 80025.56307328693, 80144.83703117502, 94.0
80569.49390404695, 80446.62224165695, 80566.27904390494, 94.5
80991.02193351471, 80867.9955458754, 80988.13228932308, 95.0
81412.3970921723, 81289.71631379136, 81409.41799705662, 95.5
81834.03980855156, 81711.10440162213, 81831.32727766577, 96.0
82255.49599801403, 82132.52308234095, 82252.7761813643, 96.5
82677.33184090354, 82553.52888850971, 82674.49096520821, 97.0
83099.17198329658, 82975.38404190785, 83096.07669267741, 97.5
83520.57914642397, 83396.86267416672, 83517.8580011783, 98.0
83942.1040045557, 83818.75594687309, 83939.273795473, 98.5
84363.99226640383, 84240.70932589872, 84360.39913546095, 99.0
84785.37906752732, 84662.39500911796, 84781.87227797613, 99.5
