1376.0835205211536, 1894.9675076282308, 1669.161359670775, 1.0
1846.8258870618845, 2365.432953276797, 2139.9883659903544, 1.5
2317.069559970637, 2836.036248765753, 2610.358936663404, 2.0
2787.559993337366, 3307.0001957548684, 3080.5755756709314, 2.5
3258.3147477174334, 3777.7665747523547, 3550.663003710249, 3.0
3729.3074491784696, 4248.215139011304, 4021.20646876312, 3.5
4199.60946035829, 4718.7723866633005, 4492.166549899524, 4.0
4669.958513259676, 5189.505401909829, 4962.950801944477, 4.5
5140.827021447863, 5660.196322542513, 5433.382758155011, 5.0
5611.166068888595, 6130.580660941316, 5903.756520894752, 5.5
6082.052099954196, 6601.408842698462, 6373.97090214927, 6.0
6552.317213440415, 7071.453017828012, 6844.902336265715, 6.5
7022.376501501815, 7541.843953140425, 7315.086002111536, 7.0
7492.573432909192, 8012.785209943255, 7785.5218696849715, 7.5
7963.207152627068, 8483.615468016787, 8256.045392202224, 8.0
8434.026613111104, 8954.386289686137, 8726.650272169136, 8.5
8904.590116308356, 9425.273377287891, 9197.325971343278, 9.0
9374.932374355298, 9896.172933824608, 9668.147193514433, 9.5
9845.88383203608, 10366.839412543013, 10138.59171456003, 10.0
10316.237193061974, 10837.463235905709, 10608.771361221477, 10.5
10786.96711837949, 11308.170764031294, 11079.650225862262, 11.0
11257.185512595799, 11778.751653404783, 11550.20080880126, 11.5
11727.783869767374, 12249.160909885764, 12020.209990940191, 12.0
12198.7103214901, 12720.065073064115, 12490.36920138382, 12.5
12669.623112598369, 13190.661036351594, 12960.377398340519, 13.0
13140.259013643454, 13660.961282018177, 13430.750399449385, 13.5
13610.36482127869, 14131.793933936226, 13901.399197384375, 14.0
14080.596824134862, 14602.362756636854, 14371.821642410272, 14.5
14551.580228413051, 15072.572052650256, 14842.505791856502, 15.0
15022.378459467347, 15543.460607583223, 15312.773710106423, 15.5
15493.245014070193, 16013.638764056364, 15782.923718502638, 16.0
15963.86250402353, 16484.540264092342, 16253.336161394102, 16.5
16434.039063582117, 16954.63913713729, 16723.74809274728, 17.0
16904.90787919388, 17425.268429188258, 17194.23140351358, 17.5
17375.43340806756, 17895.4766915272, 17664.463634725475, 18.0
17845.697942977586, 18366.210170059814, 18135.117463843344, 18.5
18315.7498059006, 18836.77508981214, 18606.076325495316, 19.0
18785.822857544656, 19306.93550554265, 19077.04501457341, 19.5
19256.34340411821, 19777.83706780384, 19547.87957084248, 20.0
19726.812953316377, 20248.827683746313, 20018.141263927344, 20.5
20197.121074946048, 20719.053012518718, 20488.895688284185, 21.0
20667.224455376985, 21189.496498212487, 20959.669541140294, 21.5
21137.940516774484, 21659.810873426883, 21429.8257788974, 22.0
21608.763675102015, 22130.656387395884, 21900.466015162485, 22.5
22079.358802818537, 22600.759980890904, 22370.806861056608, 23.0
22549.638623134946, 23071.26143945623, 22841.0867468055, 23.5
23020.24948861353, 23541.7282631889, 23312.057800697014, 24.0
23490.508649291278, 24011.766521460744, 23782.198617219332, 24.5
23960.700140649526, 24482.45232302534, 24252.75161135011, 25.0
24431.274873632632, 24953.1917125487, 24723.453951208652, 25.5
24901.470548433208, 25423.37872337653, 25194.330335482675, 26.0
25372.1983054254, 25893.776097298145, 25665.032595814584, 26.5
25842.899030871824, 26363.859584835176, 26135.478169214, 27.0
26313.67081740044, 26834.690368112766, 26606.160660505397, 27.5
26784.002547240354, 27305.558621776694, 27076.713553910147, 28.0
27254.998546304807, 27776.5148200348, 27547.611306989173, 28.5
27725.195035588815, 28247.46245650611, 28017.87630923209, 29.0
28195.404658785643, 28717.988137792916, 28488.550250723543, 29.5
28665.677891957406, 29188.961579752595, 28958.62313465422, 30.0
29136.50604769959, 29659.68334514121, 29429.40031805069, 30.5
29606.959980057618, 30130.58400047379, 29899.721373452492, 31.0
30077.444848134346, 30601.40607652638, 30370.590174680277, 31.5
30547.50297317518, 31072.011500411718, 30841.485556587, 32.0
31017.82504302931, 31542.158544711645, 31312.083366167193, 32.5
31488.654109304647, 32012.373980066415, 31782.859007721396, 33.0
31958.808808435606, 32483.357951526454, 32252.96118002503, 33.5
32428.944933184164, 32954.187702383686, 32723.358461955395, 34.0
32899.01535784347, 33424.45520520751, 33194.236305673534, 34.5
33369.86752157958, 33894.78064979014, 33664.26924954421, 35.0
33840.559266219156, 34364.905405434256, 34134.98451613003, 35.5
34311.072570398086, 34835.80310816131, 34605.059406444314, 36.0
34781.965990174824, 35305.87245800322, 35075.66811517375, 36.5
35252.32308292475, 35776.425479371515, 35545.90817193827, 37.0
35723.26953706549, 36246.942541337536, 36016.563673909724, 37.5
36193.744569038034, 36717.71518070863, 36487.42867741901, 38.0
36663.82861950247, 37188.67896800862, 36957.70481112919, 38.5
37134.44735424595, 37658.86908373528, 37428.04610296342, 39.0
37605.33189113282, 38129.745620543144, 37898.9570649347, 39.5
38075.96210709879, 38600.2037100398, 38369.42110546186, 40.0
38546.31715576215, 39070.880504830864, 38839.83000406664, 40.5
39016.454909739485, 39541.53690282715, 39310.18905872806, 41.0
39487.07083126252, 40012.259470332865, 39781.15971859843, 41.5
39957.1814180139, 40482.81439966125, 40252.04531896911, 42.0
40427.21794357287, 40953.35569642729, 40722.30418481916, 42.5
40897.82067581818, 41424.1248191529, 41192.87793940331, 43.0
41368.084964392925, 41894.54534769921, 41663.09808084696, 43.5
41838.92930001992, 42364.933739397864, 42133.32753575099, 44.0
42309.848362085206, 42835.498718530194, 42603.87496202128, 44.5
42780.82001923005, 43306.12034776927, 43074.67992636774, 45.0
43251.15412322236, 43776.63243718422, 43544.96451529516, 45.5
43721.91404958575, 44246.900907564166, 44015.26092642611, 46.0
44192.090132876714, 44717.80563038966, 44485.64216658037, 46.5
44662.96278372706, 45188.32974048451, 44955.82478245569, 47.0
45133.66220792769, 45659.17862862332, 45426.2748788679, 47.5
45604.61498579583, 46129.84902466875, 45896.76190561583, 48.0
46075.44034815701, 46600.539292711685, 46367.69186374047, 48.5
46545.64608939935, 47071.47894221875, 46838.51677831791, 49.0
47016.03545182159, 47541.92865318079, 47309.03957822118, 49.5
47486.134874608135, 48012.39668094863, 47780.006259867296, 50.0
47956.88278726388, 48483.06589454194, 48250.157971753455, 50.5
48427.72075086858, 48953.312375114314, 48721.09311646028, 51.0
48898.17484521732, 49423.51638100301, 49191.64858884639, 51.5
49368.218074423115, 49894.364733425326, 49662.29470022349, 52.0
49838.76039092958, 50365.07664801186, 50133.08068155438, 52.5
50308.76317448952, 50835.61572473384, 50603.89628709591, 53.0
50779.61262856544, 51306.140726503014, 51074.87488123199, 53.5
51250.003312702494, 51776.87463613386, 51545.67615468556, 54.0
51720.39826928099, 52247.821156451944, 52016.489386371446, 54.5
52191.300265455444, 52718.51127429586, 52486.55636602215, 55.0
52662.251296110255, 53189.286764076096, 52957.3017046212, 55.5
53132.672138222195, 53659.3498286608, 53428.20405234781, 56.0
53603.61953192614, 54129.79507914894, 53898.674072922084, 56.5
54074.16006018708, 54599.90910717606, 54368.73101452419, 57.0
54544.882513109216, 55070.19608316363, 54838.765374113915, 57.5
55015.551670849134, 55540.352369965374, 55309.70724012562, 58.0
55486.51165215209, 56010.4700220502, 55780.31362772813, 58.5
55957.28765636931, 56481.3506515051, 56250.59289704248, 59.0
56427.91248513201, 56951.98907771632, 56720.617681507814, 59.5
56898.30538366262, 57422.009908426364, 57191.58144893278, 60.0
57368.69972048514, 57892.05488458917, 57661.62925580413, 60.5
57838.97263290309, 58362.17642104838, 58132.21329601605, 61.0
58309.40227283073, 58832.33479691501, 58602.282659312936, 61.5
58779.60309493106, 59303.018278306154, 59072.296074523154, 62.0
59249.99244178683, 59773.29627929524, 59542.36448159469, 62.5
59720.308842775776, 60244.02780091491, 60012.753491176816, 63.0
60191.28832986365, 60714.1767721646, 60483.715301183685, 63.5
60661.52204322011, 61184.22827775232, 60954.00678991524, 64.0
61131.998596759055, 61654.47890692934, 61424.098702334086, 64.5
61602.71020031969, 62124.9551585173, 61894.884962575976, 65.0
62073.30157251627, 62595.0143912468, 62364.961749831346, 65.5
62543.65213178365, 63065.769456106034, 62835.302311395455, 66.0
63014.5278872551, 63536.66453501392, 63305.84742544642, 66.5
63485.18223392951, 64006.979741350864, 63776.840462772816, 67.0
63956.09569619892, 64477.95271222622, 64247.5051644068, 67.5
64426.53326250678, 64948.03880362791, 64717.78651545942, 68.0
64897.18196339048, 65418.88033221102, 65188.755049289175, 68.5
65367.441095175076, 65889.44155845704, 65659.33684029404, 69.0
65837.67051017086, 66359.86906655073, 66129.7057175766, 69.5
66308.33819478501, 66830.5353722409, 66599.99932424801, 70.0
66779.22482361872, 67300.8501517283, 67070.30607205903, 70.5
67250.06788285264, 67771.04920872122, 67540.35975366218, 71.0
67720.09723442407, 68241.66435723515, 68011.04363661191, 71.5
68190.44171766475, 68712.63621618279, 68481.28559969069, 72.0
68661.2371312991, 69182.853949826, 68951.97317952741, 72.5
69131.54880616552, 69653.41115232723, 69422.78415795235, 73.0
69602.25926632914, 70124.09710395812, 69893.41645800586, 73.5
70072.64319572486, 70595.03668306845, 70364.20900754638, 74.0
70542.87976801829, 71065.47080140765, 70834.77960839434, 74.5
71013.50988943399, 71535.8066977473, 71305.00607266225, 75.0
71484.01985398556, 72006.07703767078, 71775.1406183837, 75.5
71954.51435264708, 72476.18056872046, 72245.74937050136, 76.0
72424.80733182908, 72946.45509661759, 72716.39910009578, 76.5
72894.84415937182, 73417.44920791581, 73187.03294314373, 77.0
73365.41793715324, 73888.34121710731, 73657.87519201046, 77.5
73835.8920610104, 74359.16880418417, 74127.90127069419, 78.0
74306.73979959001, 74830.14314194552, 74598.32363637231, 78.5
74777.28455144938, 75300.73831818203, 75068.86780138122, 79.0
75247.41581954675, 75771.42236134496, 75539.40989980985, 79.5
75717.60173943028, 76242.15799778103, 76010.26283957555, 80.0
76188.04587389766, 76712.22927887671, 76480.68611744323, 80.5
76658.48660789376, 77182.96039175661, 76950.9977381533, 81.0
77128.6678971024, 77653.07744034386, 77421.56772045128, 81.5
77598.87622220261, 78123.44628475307, 77892.14196062545, 82.0
78069.42437299051, 78593.60491805537, 78362.584692454, 82.5
78539.79939011051, 79064.23851243254, 78833.22563003388, 83.0
79010.5744888746, 79535.08431018719, 79303.35303832254, 83.5
79480.67605362897, 80005.91760594858, 79773.74106654554, 84.0
79950.84741867603, 80476.55655467656, 80244.15035672278, 84.5
80421.72840289213, 80947.36146411687, 80714.21847202953, 85.0
80891.74196048029, 81417.94703103304, 81185.0593040672, 85.5
81362.65222372928, 81888.5990059173, 81655.0887744314, 86.0
81833.26728228552, 82358.64873608739, 82125.32445698402, 86.5
82303.93998435303, 82829.10261892827, 82595.8801119556, 87.0
82774.37487418474, 83299.23100913194, 83066.60305559322, 87.5
83244.9641977441, 83769.90689341498, 83536.69849881942, 88.0
83715.22644882923, 84239.92366011202, 84006.74305463124, 88.5
84185.770857264, 84710.76132535512, 84477.03152949133, 89.0
84656.38086131214, 85181.4841705062, 84948.01256310214, 89.5
85127.28539671842, 85652.08192961468, 85418.35954150831, 90.0
85598.04270090236, 86122.42420508454, 85888.66265110335, 90.5
86069.01063903926, 86592.9342304236, 86358.86755157306, 91.0
86539.76363578752, 87063.40416022373, 86828.97584447713, 91.5
87010.45948520672, 87533.8154448215, 87299.12641979828, 92.0
87480.68022629913, 88004.21382493846, 87769.9260098601, 92.5
87951.05124542955, 88474.54101138996, 88240.85894516778, 93.0
88422.03210956711, 88944.6589996332, 88711.79002966078, 93.5
88892.55051731913, 89414.75033181897, 89182.62707544617, 94.0
89363.17274682353, 89885.21856719398, 89652.72979428248, 94.5
89833.99392601827, 90355.35115044194, 90123.24836686833, 95.0
90304.32596456773, 90826.23382569259, 90594.23242769645, 95.5
90775.0773060906, 91296.27156568193, 91065.12174051857, 96.0
91245.14433407939, 91767.16203886086, 91535.75142544883, 96.5
91715.89576284809, 92237.16960725763, 92005.98467740724, 97.0
92186.49398720534, 92707.47638868775, 92476.74367490441, 97.5
92656.93128750708, 93177.76126019399, 92947.15946715987, 98.0
93127.87314544861, 93648.12825452205, 93417.2143263018, 98.5
93598.46789003805, 94118.81315576601, 93887.4352965488, 99.0
94069.1247080802, 94589.33448146307, 94358.21615959475, 99.5
