1706.9123433593597, 1940.9200019953087, 1316.3532949006792, 1.0
2088.7677234187495, 2322.592844694534, 1697.9751866733357, 1.5
2470.4287980838017, 2704.125814747641, 2080.028595496498, 2.0
2852.047882365118, 3086.2475230426558, 2461.89645598061, 2.5
3234.454656529289, 3468.4031886941452, 2844.1672385178917, 3.0
3616.603303839177, 3850.6551454045334, 3226.6090327468623, 3.5
3999.10001292132, 4232.317189434902, 3608.4049822625234, 4.0
4380.892808380791, 4614.029989974136, 3990.672944319474, 4.5
4763.313857335395, 4995.594013446917, 4372.340981999259, 5.0
5145.731888809973, 5377.199114160358, 4753.922354357772, 5.5
5528.127541892079, 5758.9808265270885, 5135.4371698388095, 6.0
5910.196591390342, 6140.669721242719, 5517.32325008265, 6.5
6292.023392268997, 6522.987895030391, 5899.7672674686655, 7.0
6674.484688440596, 6904.984319864771, 6282.195421305129, 7.5
7056.672319777137, 7287.033787809439, 6664.343016088865, 8.0
7438.828999333521, 7669.447520730962, 7046.097341893783, 8.5
7821.24478310265, 8051.794129402127, 7428.208159647185, 9.0
8203.254450551369, 8433.599813272369, 7810.66923921505, 9.5
8585.17502360341, 8815.16109498338, 8193.160379153633, 10.0
8967.293124097081, 9197.109138039295, 8574.675942243068, 10.5
9349.207015091662, 9579.562694986627, 8957.120701141586, 11.0
9730.842540165611, 9961.366947140606, 9339.608849255887, 11.5
10113.04260155275, 10343.406669344506, 9721.244283267013, 12.0
10495.173093802066, 10724.946929602458, 10102.78260926342, 12.5
10877.386761326352, 11106.524379950026, 10485.276355896625, 13.0
11259.10306129593, 11488.077948533284, 10867.12695542089, 13.5
11640.87312541666, 11870.522048415338, 11249.051796183618, 14.0
12022.709372321238, 12252.548785914592, 11630.834893250638, 14.5
12404.224029612054, 12634.086522798862, 12013.005109798902, 15.0
12786.250433872554, 13015.591832359463, 12395.496140661462, 15.5
13168.29707252798, 13397.569477913321, 12777.326100579328, 16.0
13550.75300541766, 13779.428479378741, 13158.83069885896, 16.5
13933.12428593618, 14161.516652318118, 13541.245821897548, 17.0
14314.924875580347, 14544.002117446373, 13922.784440573205, 17.5
14696.70825701356, 14925.652045134806, 14304.723381325794, 18.0
15079.01760748236, 15307.636792849238, 14686.711499653515, 18.5
15461.152218972944, 15689.323283736643, 15069.199179072593, 19.0
15842.795682345964, 16071.256406281427, 15451.42470785461, 19.5
16225.07563731978, 16452.899184024063, 15833.392449232626, 20.0
16607.060213469296, 16834.819291969165, 16215.075625960993, 20.5
16989.242426577457, 17216.795735745563, 16596.972235151406, 21.0
17371.436808148155, 17598.727344326133, 16978.953124492928, 21.5
17753.34429267255, 17980.998129899483, 17360.693295311594, 22.0
18134.844600155327, 18362.840320447816, 17742.54094429072, 22.5
18516.381038621224, 18744.937110681043, 18124.564712733034, 23.0
18898.08577154401, 19127.00299068312, 18506.24342143027, 23.5
19280.236525565568, 19508.725345440238, 18888.42874572304, 24.0
19661.981856700415, 19891.085217777185, 19270.83040855838, 24.5
20043.559530329218, 20273.52147044083, 19652.480643132323, 25.0
20426.004906099937, 20655.934125605767, 20034.192145756286, 25.5
20808.163856883897, 21037.584264261368, 20416.671351273733, 26.0
21189.939488994198, 21419.752284344544, 20798.552434558427, 26.5
21571.681196783196, 21801.383059235148, 21180.266227751017, 27.0
21954.08694644677, 22183.143525197254, 21562.08120937015, 27.5
22336.336401816767, 22565.62346634858, 21944.03106137211, 28.0
22718.13210681496, 22947.886207384276, 22325.904403675217, 28.5
23099.97907789114, 23330.022412127128, 22707.7702796801, 29.0
23482.449623985132, 23711.87480336014, 23089.783700677945, 29.5
23864.186677936697, 24094.240098103797, 23471.427362048864, 30.0
24246.51840876406, 24476.48890622797, 23853.75803008242, 30.5
24628.804614288634, 24858.057272256607, 24236.113263257346, 31.0
25011.297429523387, 25239.658156214133, 24618.086660333644, 31.5
25393.388281555173, 25621.896078150356, 25000.44064621824, 32.0
25775.625969879162, 26003.966453504116, 25382.800070653822, 32.5
26157.724541442105, 26385.89775484505, 25764.799936422965, 33.0
26539.85971549301, 26767.77595900897, 26146.644890744337, 33.5
26921.965293088302, 27149.293625193357, 26528.192027615856, 34.0
27304.058462036315, 27530.81745127029, 26910.283613001448, 34.5
27686.3466944209, 27912.877103554183, 27292.69690940433, 35.0
28068.3037012565, 28294.601681150183, 27674.666367896043, 35.5
28449.880961927916, 28676.745912981583, 28056.423837266353, 36.0
28831.59346762479, 29058.3085197149, 28438.04942094615, 36.5
29214.092981832095, 29440.026672560864, 28819.93619463413, 37.0
29595.80040330283, 29822.40925644328, 29201.924778265387, 37.5
29977.657329584854, 30204.177123675865, 29583.8729177803, 38.0
30359.922040115787, 30586.453485068698, 29965.672851738273, 38.5
30741.84624772464, 30968.072521084534, 30348.115522716485, 39.0
31124.29531777134, 31349.606543288828, 30729.983942981824, 39.5
31506.621811422032, 31731.11094044746, 31111.839880121042, 40.0
31888.62228412197, 32113.251706227773, 31494.150353837555, 40.5
32270.40950813766, 32495.09461283494, 31875.681662983043, 41.0
32652.49933130827, 32876.97094208994, 32257.720525341814, 41.5
33034.13627174153, 33258.50377545153, 32639.96769393116, 42.0
33416.26014536526, 33640.457655932, 33021.58139384369, 42.5
33798.70161362131, 34022.676561753986, 33403.556856673735, 43.0
34181.142794864405, 34404.41025346598, 33785.86575601016, 43.5
34562.698156775856, 34786.687192168814, 34168.352370888235, 44.0
34945.1711736322, 35168.91744180191, 34550.27331949419, 44.5
35327.248307469745, 35550.68723924531, 34932.04811622411, 45.0
35709.01964361074, 35933.06266423094, 35314.37643971283, 45.5
36091.38073949296, 36315.20512562489, 35696.2469823907, 46.0
36473.15300950215, 36696.72877232272, 36078.1108887815, 46.5
36854.81930748814, 37078.68720135969, 36459.90966458575, 47.0
37236.3468883089, 37460.87441848874, 36841.534954201285, 47.5
37618.050462201994, 37842.3835488639, 37223.29668829704, 48.0
37999.86313417265, 38223.97146637209, 37605.46429484738, 48.5
38382.31822782622, 38605.839314464516, 37987.75873368857, 49.0
38764.76007939893, 38987.707113569384, 38369.71979576706, 49.5
39146.96900291829, 39370.12418903476, 38751.4387742212, 50.0
39528.576024156566, 39752.45469196603, 39132.95031308165, 50.5
39910.82969248373, 40134.02516061662, 39515.42184525877, 51.0
40292.956123551376, 40515.796421901076, 39897.84449793333, 51.5
40674.932781934076, 40898.18166097707, 40280.24600314106, 52.0
41057.41013023913, 41279.877333908895, 40662.29804219077, 52.5
41439.449543251445, 41661.96277773422, 41044.6445075011, 53.0
41821.13454105588, 42044.059774234265, 41426.8450948421, 53.5
42202.90782032905, 42426.00404063309, 41809.33478465505, 54.0
42584.433293946866, 42808.43206775614, 42190.89233908269, 54.5
42966.75619058327, 43190.001584306476, 42572.501328833394, 55.0
43348.284989484266, 43571.560385755605, 42954.75266871654, 55.5
43729.933850313, 43953.95394129074, 43336.464284785994, 56.0
44112.15993898617, 44335.73602561666, 43718.95461873551, 56.5
44494.62928148424, 44717.741808157974, 44101.16906910548, 57.0
44876.15598076483, 45099.733495628425, 44483.428315757985, 57.5
45257.88358822146, 45481.71179274617, 44865.722328878146, 58.0
45640.02642558414, 45863.387436457204, 45247.99772181701, 58.5
46021.864165647, 46244.995593730026, 45630.00833881769, 59.0
46403.88761496011, 46626.69263922697, 46012.247094289436, 59.5
46786.31290799341, 47008.48248097543, 46394.69361107237, 60.0
47168.50966986392, 47390.130000922225, 46776.65277344396, 60.5
47550.72345674293, 47772.49308715227, 47159.03784188638, 61.0
47932.509150810656, 48154.09755537706, 47541.1208280794, 61.5
48314.36915047013, 48536.13695453462, 47923.239928819414, 62.0
48696.795091472355, 48918.06502603882, 48305.5964810206, 62.5
49079.08157562735, 49299.83925153941, 48687.82204519294, 63.0
49461.48247841272, 49681.67579667681, 49069.583135823304, 63.5
49843.83619952538, 50063.25983403949, 49451.21662746466, 64.0
50226.297093064335, 50445.20389039358, 49833.21048716088, 64.5
50608.48742223838, 50827.67118997983, 50215.22537669542, 65.0
50990.296819681855, 51209.819234070295, 50597.67959438457, 65.5
51372.584022004674, 51591.519789737664, 50979.209804731945, 66.0
51754.53322505117, 51973.78036840934, 51361.480669256445, 66.5
52136.47472896126, 52355.357558088894, 51743.42529176674, 67.0
52518.88187166112, 52737.39750847369, 52125.10719479877, 67.5
52900.549744475116, 53119.5335891139, 52507.474404145316, 68.0
53282.281376142324, 53501.25285151911, 52889.18505276804, 68.5
53664.40721755005, 53883.63126844025, 53271.34738564922, 69.0
54046.030252952245, 54265.178178001835, 53653.326307860676, 69.5
54427.675510308254, 54647.436202299126, 54034.87441982822, 70.0
54809.66026683315, 55029.00715871823, 54417.01704391191, 70.5
55192.07926302297, 55411.21034026246, 54798.711692734316, 71.0
55574.40584566029, 55793.15073272988, 55181.16668788547, 71.5
55956.4390945711, 56175.3330086452, 55563.53506703749, 72.0
56338.31146438605, 56557.272555969765, 55945.34734545521, 72.5
56720.08411932092, 56938.98233867142, 56327.48311038482, 73.0
57102.46084715092, 57320.92365526777, 56709.96306485723, 73.5
57484.81886051116, 57702.43110675097, 57092.27175770071, 74.0
57866.670987073136, 58084.177108033524, 57474.36691846836, 74.5
58248.37825174851, 58466.2505210663, 57856.8118813237, 75.0
58630.02805106379, 58848.29458394803, 58238.87783842023, 75.5
59012.46865678232, 59230.30236327566, 58621.311242036325, 76.0
59394.71415549932, 59612.42317058814, 59003.67251098683, 76.5
59777.048009418795, 59994.672067474356, 59385.96964583309, 77.0
60158.83395393595, 60377.08118061745, 59768.30897732857, 77.5
60541.16313364094, 60759.42561466366, 60150.68815813672, 78.0
60922.738957549765, 61141.336538287185, 60532.82180007119, 78.5
61304.66238324239, 61522.892091116286, 60914.92963643394, 79.0
61686.54314577828, 61904.52739838558, 61296.928150803455, 79.5
62068.39743364833, 62286.26395822565, 61679.17464215968, 80.0
62450.41662889755, 62668.30693270408, 62061.15882382978, 80.5
62832.77311449931, 63049.930048325485, 62443.28155471683, 81.0
63214.81039976775, 63432.38822565927, 62824.89941798914, 81.5
63596.76149592653, 63814.75477223057, 63206.77484460821, 82.0
63978.82673714175, 64196.96864228892, 63589.12423784929, 82.5
64361.24161528266, 64579.467429965385, 63971.54572326004, 83.0
64743.675696262515, 64961.15037431036, 64353.38473223301, 83.5
65125.27936783939, 65343.47999182126, 64735.39975779889, 84.0
65507.39441316605, 65725.33583630089, 65117.72186407157, 84.5
65889.40840579825, 66107.42722148207, 65499.77451235756, 85.0
66271.63777035846, 66488.94194657466, 65882.22208031881, 85.5
66653.42332752205, 66871.38084684566, 66264.05957646215, 86.0
67035.38275955788, 67253.62053356975, 66645.87125720372, 86.5
67417.36213856531, 67635.60171985933, 67027.57417868475, 87.0
67799.46396763042, 68017.92140581568, 67409.66905803881, 87.5
68181.8678330965, 68399.97538005508, 67791.30650780395, 88.0
68563.97542969104, 68781.82671290533, 68172.94570148364, 88.5
68946.17742840761, 69164.22297457994, 68555.15982135519, 89.0
69327.91172709673, 69546.65251694262, 68937.09511098881, 89.5
69709.44713732877, 69928.48243323072, 69318.70778471263, 90.0
70091.08584341544, 70310.12856858985, 69700.64940404092, 90.5
70472.76111795395, 70691.75779117663, 70082.21483340142, 91.0
70854.91242928278, 71074.21919377083, 70464.18474136812, 91.5
71237.22596568118, 71456.59957726745, 70846.57920372905, 92.0
71618.93552939667, 71838.27793230656, 71228.27919105953, 92.5
72001.20411418485, 72220.76339438053, 71610.72033518618, 93.0
72383.17995173942, 72602.87856774886, 71992.98746822366, 93.5
72765.05510690616, 72984.72991159701, 72374.77236171406, 94.0
73147.4248636704, 73367.18734976654, 72756.9674272703, 94.5
73529.48335920449, 73749.34490999448, 73138.47576175543, 95.0
73911.53103742207, 74131.68253491804, 73520.07545803415, 95.5
74293.05609786791, 74513.2550085527, 73902.01284657538, 96.0
74675.3991471225, 74895.33268774378, 74283.89437483314, 96.5
75057.1393699009, 75277.54147069498, 74666.03964476535, 97.0
75438.86903736887, 75659.98026624751, 75047.5940133759, 97.5
75821.16192953238, 76041.86190621542, 75429.59796225184, 98.0
76203.32341521095, 76423.81718238522, 75811.39523497151, 98.5
76585.15732801851, 76805.97303505086, 76193.22421903335, 99.0
76967.57768096468, 77187.64127512617, 76574.86805311659, 99.5
